0 0.21484 0.20625 0.03854 0.10880
0 0.81549 0.53981 0.08620 0.14630
0 0.88268 0.63588 0.04089 0.19583
0 0.55417 0.50023 0.02760 0.21250
0 0.70169 0.38889 0.05391 0.19722
0 0.63971 0.41852 0.04818 0.19259
0 0.59193 0.50162 0.06667 0.20417
0 0.75378 0.13079 0.06224 0.06991
0 0.76198 0.19236 0.06042 0.08750
0 0.80352 0.26968 0.06276 0.14676
0 0.29362 0.95718 0.13411 0.08472
0 0.23411 0.59468 0.06771 0.18843
0 0.20000 0.84282 0.08802 0.23009
0 0.24076 0.14954 0.08255 0.12963
0 0.12083 0.84329 0.05312 0.18935
0 0.19427 0.59583 0.05312 0.18333
