0 0.85625 0.70255 0.06094 0.20972
0 0.89674 0.72986 0.02526 0.17824
0 0.56589 0.79259 0.04323 0.22315
0 0.67109 0.93148 0.13958 0.11296
0 0.73190 0.50301 0.12682 0.18935
0 0.83346 0.50741 0.09141 0.10833
0 0.66224 0.22431 0.05833 0.14676
0 0.76055 0.15556 0.04453 0.10370
0 0.80312 0.21667 0.04063 0.10370
0 0.24740 0.23009 0.06094 0.14444
0 0.22708 0.34375 0.09896 0.10139
0 0.23281 0.45694 0.11302 0.09259
0 0.21966 0.54699 0.11068 0.11157
0 0.15365 0.45301 0.03542 0.14954
0 0.19701 0.43843 0.08151 0.06759
0 0.15273 0.62569 0.04922 0.16806
0 0.13633 0.61250 0.04818 0.19352
0 0.10521 0.88102 0.05937 0.19074
