0 0.23880 0.16898 0.09375 0.09444
0 0.33529 0.32593 0.07786 0.19815
0 0.25352 0.61088 0.10807 0.13843
0 0.17396 0.49815 0.06198 0.18148
0 0.58411 0.65093 0.07604 0.25278
0 0.15807 0.67407 0.07083 0.25000
0 0.10247 0.80208 0.04193 0.17731
0 0.14414 0.83519 0.07839 0.11759
0 0.71849 0.14097 0.03177 0.11435
0 0.79844 0.22847 0.04063 0.12917
0 0.76055 0.17477 0.05130 0.09769
0 0.74375 0.33634 0.08490 0.15509
0 0.86094 0.64722 0.04427 0.22778
0 0.89049 0.66644 0.03724 0.18472
0 0.78151 0.45509 0.09219 0.14167
0 0.80247 0.35718 0.07839 0.09769
0 0.83073 0.48241 0.05365 0.19630
0 0.86107 0.48218 0.03724 0.11250
