0 0.56706 0.80023 0.04557 0.27731
0 0.57956 0.38843 0.10964 0.16667
0 0.67370 0.39560 0.11406 0.12176
0 0.66771 0.21481 0.05156 0.13333
0 0.86055 0.70694 0.04089 0.22685
0 0.89583 0.72292 0.04115 0.19306
0 0.66862 0.13611 0.12266 0.08519
0 0.39896 0.21134 0.06667 0.11991
0 0.37266 0.10185 0.06667 0.11667
0 0.21888 0.14699 0.04557 0.16250
0 0.24987 0.48148 0.12839 0.12315
0 0.16263 0.47315 0.07786 0.13333
0 0.12891 0.59606 0.03698 0.19120
0 0.20703 0.57917 0.10312 0.12500
0 0.14909 0.81042 0.09557 0.18472
0 0.11810 0.89583 0.04766 0.14722
0 0.16081 0.69329 0.05130 0.12176
