0 0.31250 0.48449 0.05417 0.17083
0 0.11380 0.86250 0.05052 0.22315
0 0.56992 0.81852 0.04193 0.24352
0 0.86185 0.70972 0.03984 0.20463
0 0.89635 0.73495 0.03229 0.22176
0 0.67656 0.13102 0.08177 0.15370
0 0.78633 0.26991 0.07318 0.15741
0 0.76211 0.15718 0.03984 0.09491
0 0.80729 0.21412 0.04844 0.10324
0 0.69466 0.74236 0.07161 0.27454
0 0.70104 0.77870 0.11875 0.16389
0 0.26992 0.51204 0.06016 0.18519
0 0.23776 0.62245 0.04635 0.18380
0 0.17839 0.59861 0.10729 0.15833
0 0.21953 0.46505 0.11042 0.06898
0 0.20404 0.52431 0.10495 0.06898
0 0.15169 0.51366 0.03568 0.14213
