0 0.70742 0.38403 0.10391 0.12454
0 0.70872 0.15741 0.05964 0.13148
0 0.75625 0.13356 0.08021 0.09861
0 0.59518 0.24259 0.06068 0.15926
0 0.63424 0.31088 0.10599 0.09861
0 0.85078 0.62824 0.07604 0.13333
0 0.85859 0.93125 0.08958 0.12824
0 0.11680 0.86435 0.05651 0.21019
0 0.14609 0.71319 0.03698 0.18657
0 0.12083 0.66551 0.03594 0.17546
0 0.25716 0.52037 0.06380 0.20648
0 0.22526 0.60972 0.04531 0.21389
0 0.16706 0.63380 0.06276 0.16667
0 0.18516 0.52199 0.03698 0.17731
0 0.17135 0.42708 0.05052 0.16991
0 0.25703 0.14745 0.03490 0.12639
0 0.21458 0.13056 0.04010 0.12963
0 0.20000 0.23495 0.03802 0.12639
0 0.22214 0.26134 0.04323 0.17546
