0 0.65794 0.44815 0.05807 0.18981
0 0.69648 0.29421 0.09193 0.08843
0 0.69557 0.19352 0.10469 0.09630
0 0.79948 0.21597 0.06198 0.13843
0 0.85833 0.72130 0.04115 0.25000
0 0.89544 0.73032 0.04036 0.23472
0 0.57318 0.80532 0.04479 0.27083
0 0.83724 0.43495 0.03646 0.16343
0 0.24961 0.76296 0.06172 0.22315
0 0.20573 0.62245 0.06094 0.24491
0 0.13724 0.79144 0.07969 0.20972
0 0.16315 0.57662 0.04505 0.21343
0 0.78307 0.45486 0.09271 0.16991
0 0.13932 0.45764 0.04271 0.11991
0 0.12617 0.59954 0.03516 0.18796
0 0.85924 0.52153 0.04557 0.11991
