0 0.63294 0.50440 0.05547 0.18472
0 0.57305 0.75370 0.04661 0.25926
0 0.81432 0.50625 0.06354 0.16250
0 0.85195 0.77269 0.08151 0.16389
0 0.88633 0.71690 0.05182 0.19583
0 0.86081 0.55255 0.04922 0.14028
0 0.85599 0.63449 0.06094 0.15139
0 0.15573 0.45255 0.05729 0.10324
0 0.22839 0.13241 0.05729 0.13704
0 0.20221 0.23218 0.03932 0.12731
0 0.17773 0.35347 0.05651 0.13380
0 0.21927 0.71227 0.05729 0.24028
0 0.24766 0.55370 0.06354 0.20370
0 0.20638 0.40023 0.04922 0.21157
0 0.13385 0.55880 0.05990 0.19722
0 0.16732 0.58403 0.03932 0.18472
