0 0.62109 0.26481 0.04583 0.18981
0 0.22943 0.18287 0.06510 0.08981
0 0.19284 0.24421 0.04505 0.12731
0 0.24792 0.46204 0.03177 0.19815
0 0.16771 0.47222 0.09948 0.11667
0 0.11810 0.60856 0.03307 0.21713
0 0.16250 0.54352 0.07031 0.14167
0 0.22187 0.56435 0.04583 0.18519
0 0.29036 0.57708 0.06094 0.20417
0 0.80000 0.21968 0.05625 0.11898
0 0.77318 0.26181 0.07552 0.15787
0 0.82917 0.41551 0.06563 0.17083
0 0.80482 0.59722 0.05911 0.24167
0 0.88438 0.72338 0.05781 0.20139
0 0.86211 0.76690 0.06641 0.20880
0 0.77956 0.90185 0.05911 0.19352
