0 0.13724 0.61227 0.05833 0.18380
0 0.20573 0.48009 0.06563 0.16481
0 0.20573 0.18472 0.03958 0.16574
0 0.39987 0.11806 0.04297 0.14167
0 0.29883 0.18125 0.09922 0.15509
0 0.19779 0.38727 0.08984 0.15972
0 0.47187 0.15833 0.05365 0.14259
0 0.73060 0.15394 0.05495 0.11435
0 0.58021 0.58333 0.07448 0.18056
0 0.64362 0.30440 0.04297 0.14676
0 0.74792 0.60579 0.11094 0.10509
0 0.63958 0.43171 0.11042 0.15231
0 0.60729 0.93796 0.10104 0.11111
0 0.84531 0.77037 0.07448 0.21389
0 0.87995 0.66505 0.05729 0.19213
0 0.79284 0.27269 0.08151 0.14259
0 0.76719 0.15532 0.03125 0.08380
0 0.79141 0.21551 0.03958 0.10602
0 0.83242 0.43866 0.05078 0.13843
0 0.86445 0.50116 0.04661 0.13750
