0 0.10690 0.82847 0.04401 0.23102
0 0.34818 0.77454 0.10365 0.19352
0 0.33880 0.54977 0.11615 0.12454
0 0.26641 0.61435 0.10365 0.16759
0 0.25026 0.50093 0.10052 0.14537
0 0.23047 0.38819 0.09427 0.10602
0 0.16914 0.49352 0.04922 0.17870
0 0.13763 0.51667 0.02630 0.16574
0 0.57292 0.07616 0.08385 0.08194
0 0.59375 0.13032 0.07969 0.10046
0 0.66654 0.14630 0.06380 0.16944
0 0.71107 0.14907 0.04609 0.15278
0 0.75664 0.14884 0.05755 0.05602
0 0.57747 0.85625 0.04297 0.27176
0 0.82409 0.63657 0.05443 0.21204
0 0.85872 0.64398 0.03776 0.19722
0 0.88477 0.64028 0.04193 0.18241
0 0.89310 0.81435 0.05443 0.20278
