0 0.21654 0.29375 0.03932 0.16065
0 0.80000 0.22106 0.04740 0.12731
0 0.82435 0.43079 0.05182 0.17361
0 0.57018 0.74884 0.04661 0.27546
0 0.33216 0.58657 0.11276 0.15741
0 0.11237 0.82292 0.06536 0.19120
0 0.09505 0.94861 0.04844 0.09537
0 0.85677 0.75440 0.08594 0.14954
0 0.85547 0.61528 0.06354 0.13519
0 0.88893 0.71204 0.04661 0.19259
0 0.89987 0.90185 0.04661 0.19259
0 0.23281 0.42106 0.06094 0.12269
0 0.24792 0.52593 0.11823 0.11296
0 0.23464 0.59606 0.11094 0.12269
0 0.17227 0.41528 0.05286 0.18148
0 0.14831 0.41366 0.04036 0.13380
