0 0.23828 0.14097 0.09271 0.10694
0 0.12148 0.68009 0.04661 0.21759
0 0.16406 0.54954 0.05469 0.20000
0 0.29883 0.42153 0.11432 0.10694
0 0.29792 0.68125 0.09635 0.18657
0 0.23906 0.67361 0.05417 0.23333
0 0.28151 0.51273 0.12812 0.15231
0 0.18294 0.64537 0.07266 0.20093
0 0.23659 0.47130 0.02682 0.10278
0 0.54310 0.12477 0.03984 0.12361
0 0.59831 0.10046 0.09141 0.09722
0 0.60260 0.66111 0.10990 0.16667
0 0.57487 0.93727 0.03984 0.11806
0 0.78802 0.39213 0.08333 0.20093
0 0.84089 0.42153 0.07083 0.18657
0 0.72839 0.12199 0.07708 0.08287
0 0.78646 0.21644 0.03177 0.08843
0 0.75872 0.16944 0.08776 0.10278
0 0.75417 0.10880 0.06406 0.05185
0 0.81784 0.27269 0.04349 0.14352
