0 0.56979 0.82361 0.02656 0.23333
0 0.77982 0.88866 0.07891 0.20787
0 0.85638 0.70787 0.04766 0.20463
0 0.89388 0.73403 0.02943 0.17917
0 0.80911 0.22731 0.04271 0.11667
0 0.77982 0.17685 0.03151 0.10000
0 0.75964 0.13264 0.03698 0.07269
0 0.68359 0.13194 0.08281 0.14537
0 0.29701 0.32222 0.08568 0.11667
0 0.28073 0.48704 0.07604 0.16574
0 0.22409 0.60880 0.09036 0.15556
0 0.16367 0.58958 0.09141 0.14028
0 0.21602 0.46667 0.08932 0.05741
0 0.20638 0.52338 0.10078 0.05231
0 0.15221 0.50139 0.05339 0.12685
0 0.10052 0.79653 0.05052 0.21991
