0 0.57982 0.35370 0.05651 0.21019
0 0.61719 0.20370 0.08021 0.12963
0 0.64714 0.11713 0.07604 0.06204
0 0.76289 0.15810 0.06484 0.12269
0 0.69076 0.46991 0.06276 0.20463
0 0.88906 0.70394 0.04948 0.17176
0 0.57552 0.90625 0.04427 0.18102
0 0.22826 0.12708 0.05339 0.12269
0 0.20208 0.24977 0.07292 0.10787
0 0.17891 0.43079 0.04115 0.16991
0 0.18984 0.54236 0.03177 0.18472
0 0.22109 0.60880 0.03906 0.21204
0 0.27227 0.66296 0.06901 0.23241
0 0.24727 0.81412 0.09557 0.18657
0 0.16784 0.62269 0.06589 0.14444
0 0.14505 0.71597 0.03281 0.18843
0 0.11927 0.66551 0.03906 0.17917
0 0.11576 0.85417 0.05443 0.21944
