0 0.23151 0.13264 0.07656 0.14120
0 0.62969 0.14144 0.04479 0.14120
0 0.25964 0.73171 0.07448 0.23657
0 0.16797 0.47500 0.08385 0.15926
0 0.11016 0.89282 0.05104 0.20972
0 0.16836 0.78634 0.10807 0.15139
0 0.12422 0.67731 0.05104 0.20556
0 0.19583 0.57014 0.09323 0.15046
0 0.17188 0.53681 0.08646 0.11250
0 0.57826 0.83727 0.05651 0.27824
0 0.61029 0.80995 0.05964 0.24954
0 0.86732 0.71898 0.08151 0.17130
0 0.85391 0.57037 0.06094 0.17685
0 0.71276 0.13079 0.05833 0.07639
0 0.77656 0.22037 0.07031 0.08519
0 0.75729 0.15509 0.05417 0.08056
0 0.90742 0.96111 0.05339 0.07500
