0 0.23971 0.15440 0.07109 0.11157
0 0.25872 0.39167 0.05859 0.21759
0 0.23711 0.43657 0.06589 0.16574
0 0.14466 0.51111 0.03776 0.18056
0 0.18125 0.49051 0.07969 0.13194
0 0.11940 0.71019 0.04401 0.22130
0 0.11680 0.89074 0.05755 0.18426
0 0.17279 0.63750 0.06901 0.19537
0 0.58750 0.78194 0.07760 0.21204
0 0.58320 0.94097 0.04609 0.09861
0 0.74753 0.20116 0.07318 0.10046
0 0.79102 0.20208 0.04505 0.12083
0 0.82057 0.33704 0.07865 0.15648
0 0.83763 0.48958 0.07318 0.11898
0 0.88633 0.63657 0.05547 0.21944
0 0.83555 0.63565 0.06901 0.21389
0 0.88893 0.84514 0.04193 0.24954
