0 0.56901 0.78843 0.03438 0.23704
0 0.82773 0.68519 0.05703 0.20278
0 0.86536 0.71481 0.03906 0.19444
0 0.89297 0.72801 0.04844 0.21806
0 0.82643 0.39861 0.07526 0.16759
0 0.71458 0.26319 0.06458 0.17083
0 0.79401 0.21042 0.03906 0.11343
0 0.76680 0.15046 0.03620 0.11481
0 0.63229 0.12708 0.10365 0.10509
0 0.25690 0.46597 0.12370 0.07269
0 0.27826 0.56181 0.07526 0.16250
0 0.26224 0.66806 0.10000 0.14537
0 0.18971 0.75324 0.05234 0.25185
0 0.16263 0.45000 0.05130 0.12870
0 0.20234 0.52500 0.10000 0.15370
0 0.15794 0.56181 0.05911 0.14213
0 0.13320 0.62407 0.04193 0.19630
0 0.11836 0.89468 0.06172 0.16898
0 0.82982 0.90486 0.12370 0.09120
