0 0.83776 0.68588 0.04271 0.23194
0 0.86927 0.70856 0.02760 0.20972
0 0.89583 0.72292 0.02760 0.19769
0 0.82253 0.39838 0.07318 0.16065
0 0.67227 0.21227 0.06745 0.13380
0 0.75924 0.20972 0.04766 0.15556
0 0.79596 0.20718 0.02370 0.11343
0 0.70977 0.19954 0.08568 0.12870
0 0.33867 0.42963 0.10651 0.17593
0 0.25938 0.44491 0.12083 0.07778
0 0.22865 0.50231 0.12656 0.07778
0 0.24831 0.61343 0.07422 0.17778
0 0.16510 0.47778 0.04271 0.17407
0 0.15508 0.44074 0.05911 0.15741
0 0.15065 0.65694 0.04661 0.19444
0 0.12852 0.60116 0.03047 0.17083
0 0.12422 0.87616 0.04844 0.18287
0 0.56706 0.79444 0.03620 0.25556
0 0.72174 0.79931 0.10755 0.19120
