0 0.21615 0.15185 0.04740 0.14815
0 0.24349 0.41435 0.06615 0.16389
0 0.78333 0.27847 0.04115 0.16250
0 0.57161 0.75139 0.04375 0.26759
0 0.82721 0.43912 0.06276 0.20694
0 0.85365 0.74745 0.08333 0.15139
0 0.85690 0.62083 0.06276 0.15278
0 0.90104 0.90255 0.03854 0.18472
0 0.79362 0.21157 0.03672 0.11481
0 0.17799 0.38657 0.08047 0.11759
0 0.25885 0.52593 0.13073 0.10648
0 0.13880 0.51250 0.06615 0.14630
0 0.17539 0.62199 0.04297 0.19398
0 0.16302 0.53889 0.07708 0.16389
0 0.24401 0.60417 0.09948 0.12593
