0 0.62096 0.37824 0.08568 0.14907
0 0.84844 0.47037 0.05000 0.13333
0 0.83646 0.55579 0.06458 0.19028
0 0.86862 0.70625 0.05755 0.16250
0 0.89466 0.85278 0.03828 0.21481
0 0.58138 0.78356 0.06641 0.23009
0 0.78854 0.21551 0.02760 0.11250
0 0.75078 0.12963 0.10000 0.08796
0 0.25716 0.47940 0.04505 0.20694
0 0.21510 0.49306 0.04948 0.18333
0 0.18346 0.54815 0.03880 0.22593
0 0.14570 0.50718 0.04245 0.16898
0 0.14753 0.55972 0.02995 0.14907
0 0.11302 0.77917 0.06458 0.21019
0 0.23216 0.17176 0.07266 0.08796
0 0.24492 0.11366 0.07578 0.07361
0 0.57435 0.95023 0.03880 0.09120
