0 0.23385 0.17639 0.07031 0.09259
0 0.66406 0.12130 0.07812 0.11389
0 0.78242 0.18750 0.04609 0.07500
0 0.77721 0.24954 0.08828 0.12130
0 0.75026 0.67292 0.10833 0.12639
0 0.85742 0.94236 0.09818 0.11250
0 0.62839 0.38588 0.05729 0.22639
0 0.55807 0.49398 0.03906 0.22130
0 0.17240 0.38542 0.05208 0.16065
0 0.19258 0.48611 0.09036 0.10185
0 0.12422 0.76157 0.05208 0.21389
0 0.22578 0.61458 0.06823 0.20880
0 0.13398 0.57315 0.03307 0.16944
0 0.16992 0.54907 0.04714 0.12130
0 0.15286 0.67477 0.05312 0.18380
0 0.18268 0.65972 0.04818 0.21019
