0 0.24297 0.13866 0.10260 0.08750
0 0.21419 0.23194 0.07005 0.14352
0 0.22682 0.29144 0.08906 0.13194
0 0.18737 0.40301 0.06276 0.09120
0 0.23503 0.42269 0.05964 0.17130
0 0.13294 0.71481 0.06484 0.21204
0 0.13997 0.49861 0.02839 0.20463
0 0.17904 0.51481 0.05443 0.19907
0 0.67174 0.42083 0.05130 0.21204
0 0.58789 0.78750 0.07422 0.21574
0 0.59518 0.94560 0.07214 0.08935
0 0.89492 0.84606 0.03672 0.24769
0 0.84870 0.77616 0.08490 0.10787
0 0.82982 0.63194 0.06797 0.20278
0 0.84232 0.54537 0.05964 0.20833
0 0.85664 0.51204 0.06068 0.16389
0 0.74766 0.17940 0.09010 0.10602
0 0.75378 0.11273 0.07109 0.08380
