0 0.56706 0.79236 0.04557 0.24861
0 0.72448 0.75880 0.08646 0.22500
0 0.75742 0.48380 0.10286 0.18611
0 0.81875 0.50556 0.05417 0.17593
0 0.83346 0.69676 0.05703 0.21296
0 0.86445 0.71898 0.04661 0.21667
0 0.89062 0.73241 0.03229 0.22685
0 0.68750 0.22500 0.07135 0.12870
0 0.63893 0.11759 0.06745 0.13704
0 0.43906 0.20949 0.12083 0.11157
0 0.28125 0.41019 0.05990 0.21481
0 0.27734 0.56597 0.08646 0.17083
0 0.12734 0.88125 0.06458 0.17917
0 0.15833 0.45949 0.07135 0.12361
0 0.20833 0.49977 0.08750 0.13009
0 0.20638 0.64375 0.07995 0.15046
0 0.12708 0.60208 0.03906 0.19306
0 0.16185 0.59444 0.03620 0.18426
