0 0.15404 0.49352 0.04193 0.15648
0 0.14023 0.55926 0.04401 0.19907
0 0.12721 0.68704 0.04714 0.20833
0 0.25286 0.48495 0.12448 0.09120
0 0.20000 0.57245 0.09219 0.06898
0 0.28477 0.60324 0.07318 0.15278
0 0.20260 0.67315 0.09323 0.14722
0 0.23776 0.83148 0.11510 0.13981
0 0.57747 0.85255 0.05130 0.28657
0 0.64297 0.35370 0.08594 0.17500
0 0.76497 0.15718 0.03255 0.12824
0 0.79883 0.21690 0.05026 0.13194
0 0.77812 0.55394 0.09219 0.08009
0 0.71836 0.61319 0.13620 0.08009
0 0.71836 0.74630 0.13203 0.19722
0 0.82930 0.63472 0.04401 0.21204
0 0.85664 0.63750 0.03984 0.20278
0 0.88477 0.64028 0.05443 0.20463
0 0.88997 0.81435 0.05651 0.21389
