0 0.23477 0.13287 0.07526 0.13056
0 0.26094 0.73333 0.07448 0.22963
0 0.10820 0.89306 0.05339 0.20648
0 0.16797 0.46875 0.08385 0.15787
0 0.12279 0.68102 0.05286 0.21111
0 0.16927 0.53611 0.08021 0.11944
0 0.19727 0.61157 0.10755 0.10926
0 0.19766 0.53611 0.09062 0.06852
0 0.56693 0.12083 0.07344 0.12037
0 0.67148 0.14074 0.05911 0.12500
0 0.78646 0.23565 0.03542 0.12685
0 0.57643 0.83079 0.05651 0.27639
0 0.89544 0.71296 0.06536 0.17778
0 0.75104 0.15694 0.08021 0.09259
0 0.75586 0.12199 0.07214 0.07639
0 0.86211 0.53657 0.08203 0.19352
0 0.86315 0.48218 0.04349 0.16898
