0 0.60339 0.15185 0.08333 0.13889
0 0.66250 0.29097 0.04948 0.19028
0 0.73464 0.24144 0.04115 0.16806
0 0.75625 0.18750 0.04948 0.14074
0 0.78411 0.18472 0.04948 0.14259
0 0.57552 0.87778 0.04219 0.23056
0 0.71771 0.88634 0.09167 0.20324
0 0.63424 0.90162 0.07109 0.18287
0 0.21563 0.13634 0.03802 0.12639
0 0.24180 0.19931 0.09661 0.09861
0 0.17500 0.42338 0.05156 0.17361
0 0.27253 0.60903 0.05964 0.19398
0 0.27057 0.73866 0.12344 0.10231
0 0.22214 0.60741 0.04323 0.21574
0 0.16875 0.55625 0.07396 0.12824
0 0.16810 0.63009 0.06276 0.15185
0 0.14557 0.71412 0.03802 0.19213
0 0.11940 0.66134 0.03099 0.19213
0 0.11732 0.86343 0.05339 0.20833
