0 0.14206 0.57546 0.05443 0.15556
0 0.22591 0.56458 0.04974 0.20509
0 0.25443 0.59537 0.04844 0.22407
0 0.29688 0.60046 0.04583 0.19444
0 0.18034 0.44074 0.08099 0.13426
0 0.18060 0.35069 0.06432 0.14491
0 0.21706 0.24352 0.06693 0.12130
0 0.23177 0.19028 0.06563 0.08611
0 0.23828 0.14190 0.08021 0.09769
0 0.61758 0.11134 0.08411 0.09769
0 0.59089 0.19769 0.05833 0.16389
0 0.60182 0.91134 0.08542 0.16991
0 0.86172 0.76273 0.07240 0.22176
0 0.74557 0.12037 0.05625 0.05648
0 0.75521 0.16157 0.09688 0.09907
0 0.79336 0.22454 0.03776 0.12130
0 0.82969 0.41435 0.06771 0.17315
0 0.88633 0.71458 0.05911 0.19120
