0 0.10221 0.80069 0.04609 0.18194
0 0.55911 0.49005 0.04115 0.19954
0 0.73320 0.19421 0.07630 0.10324
0 0.78333 0.19282 0.02813 0.13565
0 0.71224 0.13542 0.06615 0.08565
0 0.75534 0.12315 0.05807 0.07500
0 0.91732 0.96204 0.04922 0.07315
0 0.23737 0.16412 0.06328 0.10694
0 0.19414 0.24884 0.04922 0.13380
0 0.17292 0.38426 0.05521 0.16204
0 0.21810 0.60440 0.04505 0.20694
0 0.20221 0.44931 0.07526 0.12824
0 0.16341 0.51898 0.07214 0.12130
0 0.16641 0.65880 0.08021 0.17315
0 0.14023 0.59352 0.04401 0.16389
