0 0.21719 0.20671 0.05312 0.16250
0 0.26901 0.53218 0.10312 0.13935
0 0.84727 0.56412 0.05495 0.22731
0 0.74805 0.17616 0.06380 0.08750
0 0.78086 0.23935 0.03880 0.10556
0 0.68307 0.27407 0.06563 0.15556
0 0.55807 0.49537 0.03750 0.20741
0 0.62422 0.47014 0.12500 0.15046
0 0.19154 0.74236 0.06901 0.21528
0 0.18177 0.42292 0.06406 0.15972
0 0.15703 0.76065 0.04583 0.22130
0 0.13294 0.72176 0.05391 0.17963
0 0.13424 0.67176 0.07005 0.20556
0 0.14531 0.48032 0.04531 0.21157
0 0.19167 0.56528 0.07135 0.12963
