0 0.57943 0.36042 0.06615 0.20972
0 0.70117 0.24606 0.07682 0.18380
0 0.56120 0.12407 0.06771 0.12870
0 0.75430 0.12917 0.07161 0.09074
0 0.79115 0.21019 0.04948 0.12315
0 0.62409 0.71389 0.09141 0.23426
0 0.86289 0.70255 0.04557 0.20139
0 0.88997 0.83727 0.03880 0.21528
0 0.56849 0.81227 0.04271 0.24769
0 0.61263 0.91319 0.05026 0.15417
0 0.27891 0.53380 0.06458 0.15833
0 0.28581 0.36319 0.05391 0.17731
0 0.13906 0.51528 0.03281 0.17315
0 0.16979 0.51759 0.04115 0.19074
0 0.22031 0.55324 0.08438 0.10833
0 0.23294 0.39375 0.06380 0.17639
0 0.22357 0.48565 0.06641 0.11481
0 0.11315 0.86065 0.05391 0.21111
