0 0.86367 0.72153 0.05339 0.23009
0 0.89128 0.73727 0.03568 0.19491
0 0.84779 0.50903 0.07214 0.17824
0 0.56953 0.72801 0.04479 0.27917
0 0.79010 0.75926 0.13125 0.11852
0 0.73880 0.89213 0.11510 0.16759
0 0.78776 0.20764 0.07031 0.13843
0 0.54141 0.12986 0.04792 0.15324
0 0.63971 0.10972 0.07891 0.12500
0 0.70859 0.16574 0.07135 0.13519
0 0.26615 0.51343 0.09375 0.20000
0 0.23424 0.16319 0.09922 0.11991
0 0.19245 0.60833 0.08333 0.20000
0 0.15560 0.72477 0.10495 0.11991
0 0.13359 0.86759 0.11510 0.12500
0 0.15143 0.53403 0.05911 0.20139
0 0.16276 0.38403 0.04375 0.10139
0 0.19167 0.45833 0.05625 0.11852
0 0.13086 0.60903 0.02943 0.17917
