0 0.10846 0.83773 0.04089 0.22731
0 0.15352 0.45440 0.04922 0.09306
0 0.14349 0.57130 0.07969 0.17130
0 0.24036 0.48611 0.08906 0.14907
0 0.27031 0.59769 0.08177 0.16389
0 0.33411 0.55069 0.11302 0.13009
0 0.25182 0.82731 0.08698 0.21759
0 0.34570 0.94560 0.13620 0.10046
0 0.40469 0.26806 0.07656 0.13796
0 0.47435 0.12593 0.04193 0.13981
0 0.58424 0.11088 0.07318 0.08380
0 0.68073 0.13681 0.07760 0.12824
0 0.75117 0.13495 0.05755 0.06898
0 0.79466 0.21319 0.05234 0.12824
0 0.71875 0.25949 0.09531 0.08750
0 0.57279 0.85810 0.03984 0.26806
0 0.82461 0.63472 0.05547 0.20833
0 0.85456 0.64213 0.04401 0.20463
0 0.88477 0.64028 0.05651 0.18241
0 0.88945 0.80694 0.04297 0.20648
0 0.68060 0.97454 0.03984 0.04259
