0 0.21211 0.40556 0.04401 0.20093
0 0.12982 0.68542 0.04349 0.19120
0 0.16471 0.53310 0.06953 0.14676
0 0.11159 0.89144 0.06016 0.20972
0 0.28333 0.62269 0.13177 0.11389
0 0.25794 0.77477 0.10078 0.24398
0 0.22630 0.63727 0.11927 0.14120
0 0.57031 0.89005 0.03542 0.20880
0 0.86641 0.93079 0.09062 0.13380
0 0.86940 0.71042 0.07578 0.21435
0 0.88529 0.64213 0.07266 0.19444
0 0.80820 0.32384 0.05911 0.13472
0 0.70599 0.13287 0.07448 0.08056
0 0.75534 0.14699 0.09141 0.08843
0 0.74674 0.19769 0.05026 0.09722
0 0.77708 0.21227 0.02552 0.15046
0 0.80273 0.21898 0.02682 0.10833
