0 0.24128 0.14583 0.07214 0.09722
0 0.23516 0.50764 0.05521 0.19120
0 0.25352 0.73565 0.08828 0.23426
0 0.16927 0.53032 0.08021 0.12361
0 0.18216 0.57083 0.06849 0.14259
0 0.11003 0.89329 0.05339 0.20880
0 0.16341 0.75648 0.07578 0.18889
0 0.12747 0.68356 0.04609 0.20231
0 0.15365 0.96759 0.09375 0.05648
0 0.71693 0.84259 0.13854 0.16667
0 0.60117 0.93866 0.08880 0.11157
0 0.66693 0.13981 0.04479 0.13796
0 0.75794 0.13727 0.05911 0.08935
0 0.69740 0.14329 0.04115 0.11157
0 0.79779 0.22130 0.04661 0.13056
