0 0.75208 0.13565 0.05000 0.06019
0 0.76953 0.18264 0.05937 0.10324
0 0.80104 0.24259 0.03854 0.12500
0 0.82878 0.43380 0.07370 0.19722
0 0.85586 0.61759 0.05755 0.13704
0 0.89049 0.71968 0.04193 0.19954
0 0.79961 0.72870 0.04661 0.24167
0 0.85911 0.75208 0.07083 0.14676
0 0.22396 0.12963 0.04792 0.12963
0 0.26406 0.15926 0.04583 0.10926
0 0.32747 0.51412 0.10339 0.13935
0 0.24115 0.68519 0.08906 0.14537
0 0.17799 0.37616 0.03724 0.13472
0 0.15078 0.47014 0.03646 0.16435
0 0.18424 0.48241 0.06016 0.15000
0 0.20716 0.50023 0.09401 0.07546
0 0.26888 0.50463 0.07422 0.14167
0 0.17422 0.59630 0.08646 0.16204
