0 0.85625 0.72685 0.05260 0.20926
0 0.55703 0.49398 0.03542 0.19444
0 0.57188 0.71042 0.04479 0.24028
0 0.77891 0.21597 0.03750 0.12083
0 0.61940 0.13796 0.09245 0.09444
0 0.75339 0.15069 0.05885 0.08380
0 0.65326 0.11782 0.08620 0.09861
0 0.71576 0.13079 0.05651 0.08194
0 0.22070 0.21250 0.04089 0.10370
0 0.28945 0.49468 0.05495 0.17639
0 0.30768 0.64468 0.07839 0.25417
0 0.22982 0.60208 0.06380 0.19954
0 0.12279 0.82778 0.06172 0.19444
0 0.19323 0.72153 0.06458 0.17917
0 0.15547 0.75046 0.05729 0.18519
0 0.18841 0.57894 0.04036 0.14861
0 0.16224 0.59861 0.04531 0.12870
0 0.12513 0.65625 0.05599 0.16435
