0 0.14883 0.50278 0.03984 0.17500
0 0.13086 0.70023 0.05234 0.22731
0 0.19271 0.59097 0.07760 0.09120
0 0.25130 0.47662 0.10260 0.11528
0 0.23555 0.57361 0.05443 0.15278
0 0.26185 0.59769 0.04818 0.20833
0 0.31523 0.62546 0.06068 0.19722
0 0.60104 0.44560 0.11719 0.11713
0 0.57539 0.85069 0.04714 0.26435
0 0.73763 0.45880 0.07214 0.19907
0 0.74128 0.15810 0.05443 0.12639
0 0.77487 0.13403 0.02734 0.07824
0 0.82461 0.62361 0.05547 0.18611
0 0.86029 0.64213 0.04505 0.19352
0 0.88060 0.63843 0.05443 0.19352
0 0.84440 0.79861 0.05964 0.17130
0 0.88268 0.82361 0.03359 0.21389
