0 0.66497 0.44236 0.06276 0.20509
0 0.83359 0.45694 0.07604 0.18981
0 0.85391 0.72153 0.05052 0.21157
0 0.89648 0.71921 0.04036 0.20509
0 0.56706 0.79005 0.05339 0.24028
0 0.74245 0.34444 0.04479 0.17407
0 0.68841 0.19606 0.10182 0.10139
0 0.18307 0.38472 0.09792 0.09630
0 0.14609 0.47060 0.05625 0.15139
0 0.15313 0.61227 0.05521 0.16157
0 0.18698 0.78750 0.06667 0.22500
0 0.12474 0.77546 0.06563 0.18148
0 0.75638 0.13356 0.06849 0.07454
0 0.76068 0.18773 0.08281 0.06435
0 0.61615 0.88889 0.10000 0.18796
