0 0.23997 0.16412 0.09453 0.11806
0 0.20742 0.22523 0.03672 0.12361
0 0.17370 0.47616 0.08646 0.15231
0 0.21953 0.68102 0.11198 0.13796
0 0.17435 0.56505 0.08516 0.08750
0 0.12995 0.68958 0.04115 0.20324
0 0.16523 0.67986 0.06328 0.18657
0 0.11536 0.87847 0.04167 0.19213
0 0.13385 0.92130 0.05156 0.15463
0 0.19349 0.92315 0.07135 0.14907
0 0.66940 0.66134 0.07943 0.25324
0 0.57578 0.90046 0.04531 0.18981
0 0.56549 0.67060 0.03984 0.26528
0 0.58451 0.51968 0.05286 0.20880
0 0.61185 0.35394 0.07266 0.17546
0 0.85859 0.57708 0.06771 0.20880
0 0.82969 0.41042 0.06719 0.16250
0 0.80091 0.23889 0.04661 0.15926
0 0.75716 0.15255 0.08880 0.08380
0 0.75456 0.11389 0.05339 0.02870
