0 0.57396 0.90347 0.04115 0.18287
0 0.59167 0.34583 0.04531 0.21574
0 0.74167 0.14468 0.07812 0.10602
0 0.65495 0.25509 0.08125 0.15556
0 0.76250 0.22014 0.04740 0.10046
0 0.80547 0.23889 0.03490 0.14815
0 0.21797 0.14444 0.03906 0.14630
0 0.24388 0.20000 0.06172 0.14074
0 0.17500 0.42917 0.05156 0.16667
0 0.32826 0.66667 0.10495 0.16296
0 0.26862 0.65093 0.05964 0.22315
0 0.22214 0.60556 0.03906 0.21574
0 0.18203 0.56343 0.04740 0.15741
0 0.16758 0.62824 0.05964 0.15556
0 0.12135 0.66227 0.03281 0.17917
0 0.14870 0.71227 0.03802 0.17731
0 0.11732 0.85972 0.05547 0.20463
0 0.62747 0.50301 0.10703 0.17176
