0 0.22409 0.13287 0.05339 0.12870
0 0.63555 0.31412 0.10339 0.09954
0 0.75417 0.15255 0.07708 0.09861
0 0.82826 0.42870 0.07422 0.18981
0 0.62344 0.84005 0.13594 0.13565
0 0.85586 0.61875 0.06016 0.13472
0 0.84427 0.76343 0.07760 0.17407
0 0.87539 0.76505 0.04401 0.17546
0 0.89193 0.70694 0.04323 0.16944
0 0.45807 0.21644 0.04063 0.14676
0 0.43776 0.12176 0.08906 0.09722
0 0.39154 0.23912 0.05599 0.16343
0 0.22982 0.48356 0.09870 0.09954
0 0.22708 0.56644 0.10938 0.11898
0 0.14648 0.61505 0.05130 0.17546
0 0.15208 0.45671 0.03646 0.14676
0 0.17227 0.52106 0.03516 0.19213
