0 0.66133 0.53079 0.07214 0.22454
0 0.57018 0.87153 0.03672 0.24676
0 0.87161 0.61713 0.05833 0.15093
0 0.82799 0.73935 0.05130 0.25278
0 0.85365 0.79329 0.06615 0.21806
0 0.84232 0.38333 0.04245 0.16389
0 0.70078 0.12106 0.08385 0.08287
0 0.81810 0.32986 0.04245 0.16250
0 0.76302 0.18819 0.07500 0.08287
0 0.73438 0.15440 0.05677 0.07546
0 0.13346 0.61968 0.06016 0.20880
0 0.27956 0.54699 0.09870 0.20787
0 0.17799 0.33565 0.03828 0.14259
0 0.24102 0.40694 0.08672 0.11944
0 0.16536 0.54398 0.08385 0.16481
0 0.21497 0.59051 0.05443 0.21528
0 0.25820 0.52986 0.05495 0.16991
0 0.20964 0.24491 0.04948 0.15648
0 0.24648 0.14236 0.04297 0.12083
0 0.22201 0.18403 0.06953 0.12269
