0 0.14128 0.50926 0.03359 0.17685
0 0.12773 0.69329 0.05234 0.23657
0 0.27695 0.96042 0.13516 0.06343
0 0.16914 0.55463 0.03672 0.19722
0 0.20586 0.20000 0.03880 0.16574
0 0.26484 0.51273 0.12135 0.11713
0 0.26549 0.55301 0.13932 0.07454
0 0.24141 0.64236 0.09115 0.11898
0 0.60938 0.52222 0.11302 0.18056
0 0.57643 0.86366 0.04714 0.24954
0 0.78893 0.84051 0.12891 0.12824
0 0.82565 0.64213 0.05964 0.20833
0 0.84648 0.45694 0.06380 0.18426
0 0.85612 0.63750 0.04297 0.20278
0 0.88581 0.64306 0.04818 0.18796
0 0.88737 0.82454 0.04922 0.20093
