0 0.22617 0.18056 0.06901 0.13426
0 0.28125 0.41806 0.09531 0.14722
0 0.14076 0.50833 0.03464 0.17130
0 0.16810 0.50463 0.03880 0.16389
0 0.21094 0.48773 0.09740 0.10046
0 0.24818 0.52292 0.12135 0.10417
0 0.22422 0.63657 0.07760 0.18611
0 0.16549 0.60394 0.06901 0.07269
0 0.12305 0.71667 0.05130 0.20093
0 0.77227 0.16088 0.04089 0.12454
0 0.58581 0.78403 0.07214 0.23102
0 0.57695 0.94560 0.04401 0.09306
0 0.81159 0.45231 0.04193 0.19352
0 0.86029 0.48287 0.04505 0.19167
0 0.84336 0.54907 0.04714 0.19352
0 0.86549 0.69630 0.06172 0.18981
0 0.88997 0.83958 0.04193 0.28287
