0 0.19661 0.23681 0.04115 0.11528
0 0.22161 0.13241 0.04427 0.13704
0 0.18099 0.41991 0.04948 0.15185
0 0.25417 0.67153 0.08646 0.19769
0 0.17396 0.58079 0.05156 0.17731
0 0.12292 0.67384 0.03802 0.19954
0 0.14661 0.70394 0.03177 0.17917
0 0.11940 0.86620 0.06589 0.16296
0 0.33841 0.95185 0.06380 0.08611
0 0.71094 0.15648 0.08021 0.08981
0 0.79635 0.21968 0.04323 0.12454
0 0.81315 0.42708 0.06276 0.19954
0 0.89518 0.69792 0.06172 0.18472
0 0.89661 0.87708 0.04010 0.20324
0 0.66406 0.56713 0.04635 0.21204
0 0.58945 0.61088 0.05547 0.24491
0 0.57812 0.90625 0.04323 0.17731
