0 0.09753 0.88495 0.05130 0.19491
0 0.67109 0.42593 0.09948 0.18241
0 0.71094 0.24120 0.04375 0.14444
0 0.76094 0.16528 0.02760 0.09907
0 0.78281 0.18681 0.04375 0.12917
0 0.84635 0.49676 0.07083 0.15000
0 0.87174 0.67083 0.03880 0.23148
0 0.83594 0.78773 0.05625 0.21157
0 0.90065 0.84097 0.04557 0.21806
0 0.29479 0.45741 0.09375 0.13796
0 0.23555 0.50208 0.05182 0.20139
0 0.18893 0.34167 0.04505 0.15370
0 0.19766 0.44954 0.03385 0.16667
0 0.15586 0.42500 0.04505 0.16481
0 0.14362 0.51852 0.04453 0.16019
0 0.57943 0.79861 0.05625 0.19815
0 0.57539 0.95116 0.03828 0.09769
