0 0.69154 0.12500 0.07786 0.09074
0 0.76224 0.16319 0.04375 0.09398
0 0.26602 0.15856 0.07526 0.09398
0 0.09531 0.93194 0.05104 0.12870
0 0.26576 0.49907 0.06797 0.19907
0 0.14818 0.58958 0.07240 0.17361
0 0.22344 0.51574 0.05469 0.18796
0 0.83919 0.54583 0.06536 0.13056
0 0.64831 0.82824 0.07891 0.25926
0 0.85221 0.77963 0.08411 0.16852
0 0.59570 0.92060 0.07422 0.15139
0 0.18906 0.25694 0.03594 0.14167
0 0.21263 0.20625 0.04036 0.12269
0 0.85599 0.62847 0.06458 0.15602
0 0.88984 0.72014 0.03750 0.20509
