0 0.12031 0.84699 0.05312 0.22454
0 0.14987 0.51227 0.05182 0.18472
0 0.20846 0.58681 0.10391 0.10509
0 0.26172 0.52407 0.10573 0.15833
0 0.22109 0.27361 0.10677 0.11944
0 0.24531 0.17431 0.07135 0.09861
0 0.21667 0.21736 0.06146 0.06528
0 0.58711 0.33079 0.07266 0.16806
0 0.58008 0.66019 0.06901 0.26667
0 0.63229 0.49282 0.09688 0.21528
0 0.61497 0.91181 0.11328 0.16991
0 0.71302 0.77523 0.10156 0.20694
0 0.82370 0.63426 0.05365 0.21296
0 0.85430 0.63171 0.04141 0.20139
0 0.88216 0.66528 0.05130 0.20556
0 0.79961 0.22940 0.03359 0.12917
0 0.76094 0.16250 0.04375 0.08611
0 0.77331 0.19815 0.04609 0.11111
