0 0.14284 0.50185 0.04297 0.19537
0 0.15924 0.55278 0.04193 0.21574
0 0.12982 0.68958 0.05651 0.22546
0 0.20156 0.56574 0.07865 0.16019
0 0.28333 0.49514 0.07656 0.07083
0 0.22318 0.61620 0.07969 0.16389
0 0.27018 0.58704 0.05859 0.21759
0 0.32109 0.60602 0.08906 0.17685
0 0.25182 0.86852 0.12448 0.14352
0 0.59206 0.82106 0.07422 0.23102
0 0.80378 0.55000 0.03880 0.20648
0 0.84336 0.40880 0.04505 0.17685
0 0.83659 0.63935 0.05443 0.19537
0 0.86029 0.64491 0.03880 0.19167
0 0.88008 0.64028 0.04922 0.19722
0 0.86016 0.80486 0.08490 0.12454
0 0.90326 0.80324 0.03464 0.17315
0 0.89414 0.92361 0.06276 0.13796
