0 0.09727 0.89352 0.05443 0.20463
0 0.14180 0.51389 0.04089 0.17500
0 0.18008 0.49815 0.02526 0.17685
0 0.23307 0.45509 0.07865 0.13611
0 0.27604 0.31296 0.09115 0.14537
0 0.62604 0.56389 0.11094 0.17870
0 0.68737 0.80532 0.07422 0.26620
0 0.25339 0.56505 0.10677 0.10231
0 0.21888 0.18403 0.07109 0.10787
0 0.19362 0.24653 0.04609 0.12454
0 0.59062 0.78843 0.07969 0.21389
0 0.57279 0.94745 0.04193 0.08935
0 0.76055 0.32593 0.07422 0.13426
0 0.73346 0.22986 0.05339 0.12083
0 0.74661 0.13032 0.07760 0.08565
0 0.83555 0.55463 0.06276 0.17870
0 0.85456 0.48750 0.05651 0.18981
0 0.86133 0.69815 0.05339 0.20833
0 0.89102 0.83958 0.04193 0.24583
