0 0.60117 0.36435 0.11953 0.13241
0 0.58060 0.47477 0.06068 0.19120
0 0.56979 0.80764 0.03438 0.24491
0 0.60299 0.93380 0.07943 0.12778
0 0.86497 0.68333 0.05182 0.15370
0 0.86966 0.85440 0.06120 0.24676
0 0.89961 0.82986 0.03568 0.19120
0 0.79427 0.26759 0.06563 0.11019
0 0.71458 0.12639 0.07396 0.08333
0 0.76589 0.17199 0.07135 0.08102
0 0.74622 0.14468 0.07318 0.07546
0 0.28411 0.41620 0.05260 0.20926
0 0.19023 0.27917 0.05130 0.17778
0 0.11654 0.85648 0.05807 0.22685
0 0.24805 0.50509 0.05703 0.13796
0 0.21927 0.37685 0.08073 0.17778
0 0.19727 0.54977 0.05182 0.15139
0 0.15716 0.52940 0.05130 0.21343
0 0.12266 0.54537 0.04010 0.17222
