0 0.79219 0.20509 0.03490 0.15741
0 0.82930 0.42245 0.07214 0.19028
0 0.66354 0.36227 0.08438 0.17917
0 0.74635 0.42060 0.09375 0.10972
0 0.85638 0.63380 0.09766 0.14815
0 0.89714 0.87407 0.04323 0.21574
0 0.59102 0.53495 0.10391 0.19583
0 0.57604 0.90903 0.04740 0.16806
0 0.19505 0.23588 0.04219 0.11343
0 0.22565 0.13056 0.05234 0.13333
0 0.16406 0.43102 0.05052 0.16667
0 0.19180 0.64005 0.05859 0.19769
0 0.15859 0.58727 0.04740 0.18657
0 0.12135 0.68495 0.03281 0.20324
0 0.15078 0.70671 0.03594 0.17361
0 0.09622 0.92731 0.05234 0.13519
