0 0.28398 0.28009 0.08620 0.18241
0 0.15130 0.51088 0.04896 0.17546
0 0.11628 0.84606 0.05182 0.23102
0 0.19258 0.31458 0.06068 0.15231
0 0.27240 0.50417 0.11146 0.14167
0 0.27148 0.66204 0.09089 0.11111
0 0.22435 0.59583 0.12161 0.12500
0 0.43659 0.77847 0.14349 0.13843
0 0.47799 0.93773 0.06797 0.12269
0 0.81445 0.62014 0.04661 0.20972
0 0.85208 0.63148 0.03958 0.19630
0 0.88281 0.66481 0.05260 0.20463
0 0.57227 0.64977 0.05495 0.25417
0 0.57839 0.88287 0.04792 0.22963
0 0.62070 0.20694 0.07734 0.13519
0 0.67773 0.28102 0.08724 0.11667
0 0.74857 0.12245 0.06484 0.08102
0 0.76523 0.18194 0.06901 0.12500
0 0.79674 0.23380 0.04193 0.11944
