0 0.56367 0.79421 0.02578 0.23194
0 0.60378 0.87106 0.10755 0.18935
0 0.70182 0.90602 0.06563 0.16759
0 0.85391 0.71134 0.05417 0.21157
0 0.89297 0.73472 0.02760 0.19444
0 0.82148 0.30764 0.05234 0.16898
0 0.68568 0.24282 0.07135 0.14398
0 0.76107 0.20949 0.08932 0.08102
0 0.76406 0.13935 0.07812 0.08611
0 0.70924 0.12454 0.04661 0.10000
0 0.27357 0.34491 0.11693 0.10833
0 0.28255 0.45093 0.06458 0.19444
0 0.20768 0.56898 0.11120 0.07593
0 0.20781 0.52176 0.08854 0.04907
0 0.20924 0.47523 0.08568 0.05417
0 0.14089 0.51366 0.05521 0.14398
0 0.13789 0.61296 0.04766 0.18426
