0 0.46732 0.12708 0.06224 0.13935
0 0.23516 0.12060 0.09010 0.09954
0 0.20651 0.22639 0.03281 0.14352
0 0.17878 0.49606 0.10130 0.11065
0 0.17643 0.56944 0.09193 0.08056
0 0.12552 0.88681 0.06458 0.20880
0 0.14479 0.71435 0.04844 0.21759
0 0.12839 0.68009 0.04531 0.19537
0 0.57174 0.64468 0.05599 0.26620
0 0.56615 0.88194 0.03490 0.21667
0 0.60221 0.94583 0.05964 0.09722
0 0.88997 0.67338 0.07214 0.18009
0 0.83203 0.41412 0.06406 0.17454
0 0.70039 0.12708 0.09453 0.11713
0 0.77552 0.16250 0.03229 0.13704
0 0.75313 0.14884 0.03802 0.11250
