0 0.14466 0.50648 0.03359 0.18981
0 0.12982 0.70000 0.04818 0.21204
0 0.18685 0.56019 0.05547 0.17870
0 0.22461 0.60046 0.03464 0.15093
0 0.27760 0.52870 0.10052 0.16019
0 0.25013 0.68704 0.06901 0.16019
0 0.34232 0.14329 0.06276 0.12639
0 0.42135 0.20208 0.09531 0.10231
0 0.57070 0.26620 0.05234 0.15648
0 0.65195 0.45856 0.12682 0.13194
0 0.82669 0.63565 0.05964 0.21389
0 0.85924 0.63935 0.03880 0.20278
0 0.88216 0.63657 0.04089 0.17500
0 0.58216 0.77523 0.06484 0.24769
0 0.64414 0.92083 0.12995 0.14352
0 0.85651 0.82940 0.07969 0.12454
0 0.90273 0.79954 0.04401 0.15833
0 0.89961 0.92986 0.04818 0.12454
