0 0.27357 0.73634 0.06380 0.24491
0 0.18438 0.56667 0.10260 0.15556
0 0.16302 0.70185 0.07083 0.18611
0 0.12682 0.72222 0.05104 0.16944
0 0.11992 0.66968 0.04193 0.18657
0 0.19375 0.25370 0.05104 0.12778
0 0.23906 0.15046 0.08438 0.10370
0 0.22539 0.20046 0.07005 0.15741
0 0.55755 0.49491 0.03802 0.20833
0 0.64010 0.45162 0.11927 0.13935
0 0.85573 0.65069 0.09167 0.09583
0 0.86576 0.51551 0.04661 0.19213
0 0.76237 0.15069 0.07630 0.07731
0 0.79740 0.25139 0.03438 0.12037
0 0.76979 0.20532 0.04375 0.08935
