0 0.57240 0.75301 0.05000 0.25231
0 0.72695 0.16875 0.03516 0.13102
0 0.78451 0.19977 0.04193 0.11157
0 0.82266 0.43102 0.05469 0.17037
0 0.89948 0.90509 0.04063 0.18611
0 0.85169 0.74606 0.07370 0.13472
0 0.85586 0.61968 0.06016 0.13935
0 0.89036 0.70625 0.04583 0.16806
0 0.23451 0.85162 0.12839 0.12731
0 0.27813 0.65926 0.10469 0.17037
0 0.19857 0.36644 0.06484 0.15139
0 0.15508 0.39306 0.05339 0.11389
0 0.13490 0.52477 0.05885 0.14398
0 0.18633 0.50856 0.04453 0.14769
0 0.23034 0.52685 0.08516 0.14537
0 0.23893 0.60231 0.11276 0.17407
