0 0.22005 0.13796 0.03698 0.15926
0 0.18932 0.26644 0.04115 0.12639
0 0.17487 0.42778 0.05755 0.15000
0 0.17240 0.56968 0.04010 0.17731
0 0.14609 0.70671 0.03490 0.18843
0 0.12292 0.66644 0.03802 0.17731
0 0.11068 0.84699 0.04427 0.19028
0 0.79375 0.19931 0.05052 0.18287
0 0.70117 0.46898 0.06068 0.21389
0 0.56849 0.63079 0.05052 0.24861
0 0.57708 0.90162 0.04531 0.18657
0 0.77917 0.51852 0.07917 0.16296
0 0.82656 0.58542 0.07917 0.10602
0 0.85026 0.67106 0.08542 0.09861
0 0.89505 0.87222 0.04531 0.21204
