0 0.11706 0.85463 0.06016 0.23148
0 0.26302 0.49190 0.07187 0.22269
0 0.20182 0.47269 0.08073 0.08241
0 0.15065 0.47523 0.08203 0.16250
0 0.24557 0.21852 0.07708 0.12130
0 0.22057 0.16528 0.07708 0.07685
0 0.23594 0.13565 0.07135 0.08241
0 0.24909 0.10556 0.08516 0.07778
0 0.62461 0.39005 0.07005 0.18565
0 0.58711 0.29352 0.07266 0.17593
0 0.84076 0.50231 0.05807 0.20370
0 0.86901 0.70532 0.03698 0.20694
0 0.89596 0.83171 0.03828 0.22824
0 0.74935 0.20463 0.09193 0.09352
0 0.82135 0.29190 0.05937 0.16806
0 0.73073 0.12245 0.08073 0.06898
0 0.77214 0.16713 0.06875 0.06019
0 0.57422 0.79028 0.04688 0.23241
