0 0.14596 0.50463 0.04505 0.18981
0 0.11523 0.71759 0.03568 0.22130
0 0.15664 0.71389 0.05130 0.21759
0 0.17943 0.52315 0.01771 0.14907
0 0.19518 0.61157 0.04505 0.18056
0 0.25651 0.58634 0.12135 0.09676
0 0.21107 0.46528 0.05130 0.15278
0 0.46758 0.24213 0.06172 0.16019
0 0.45130 0.13495 0.07552 0.10972
0 0.76185 0.18426 0.04297 0.15648
0 0.79935 0.20764 0.04922 0.12454
0 0.58164 0.77338 0.06589 0.22546
0 0.61628 0.93079 0.05964 0.12269
0 0.83242 0.63287 0.05026 0.21574
0 0.87370 0.66250 0.02396 0.19722
0 0.89622 0.81065 0.04401 0.16204
0 0.89362 0.93449 0.06380 0.11528
0 0.88971 0.63843 0.02630 0.14167
