0 0.22760 0.18194 0.07187 0.12037
0 0.20247 0.43009 0.03932 0.20648
0 0.21380 0.66481 0.11615 0.10556
0 0.24323 0.50602 0.05156 0.21019
0 0.13906 0.71921 0.06719 0.17454
0 0.13255 0.66759 0.07344 0.17130
0 0.15326 0.52708 0.06120 0.10972
0 0.18932 0.56551 0.08021 0.08472
0 0.59076 0.50255 0.06328 0.20324
0 0.55195 0.48796 0.02422 0.20833
0 0.89961 0.91597 0.03880 0.16528
0 0.88034 0.61620 0.05599 0.21019
0 0.75495 0.12870 0.07344 0.07778
0 0.75143 0.19375 0.04870 0.09676
0 0.77969 0.21157 0.03646 0.08981
