0 0.57227 0.79977 0.05911 0.26343
0 0.85924 0.71875 0.05130 0.20972
0 0.85156 0.49861 0.06094 0.18796
0 0.89453 0.72315 0.04583 0.18333
0 0.61576 0.54190 0.13516 0.11991
0 0.60924 0.38657 0.10859 0.16667
0 0.70339 0.34144 0.09844 0.13657
0 0.69648 0.22269 0.10859 0.10000
0 0.78490 0.22593 0.07240 0.08611
0 0.19036 0.87153 0.07500 0.21991
0 0.15143 0.51759 0.04974 0.19167
0 0.20768 0.52315 0.05339 0.16667
0 0.23151 0.64468 0.10677 0.19676
0 0.12708 0.59375 0.04271 0.18287
0 0.13359 0.74861 0.08281 0.09630
0 0.16081 0.65185 0.09505 0.08611
