0 0.12617 0.69352 0.04297 0.19907
0 0.11263 0.88148 0.04505 0.16574
0 0.33789 0.94190 0.13307 0.10787
0 0.28893 0.62338 0.14036 0.12639
0 0.14674 0.50278 0.03984 0.19722
0 0.18529 0.48611 0.05026 0.14167
0 0.21927 0.39097 0.12031 0.09676
0 0.30885 0.49606 0.11302 0.12083
0 0.25807 0.51736 0.08490 0.09676
0 0.47383 0.13704 0.03880 0.18056
0 0.58372 0.77245 0.07005 0.23102
0 0.62148 0.93079 0.06380 0.12269
0 0.80221 0.59491 0.03568 0.19167
0 0.83815 0.62731 0.03047 0.21574
0 0.87174 0.67593 0.02630 0.17870
0 0.89180 0.64583 0.03255 0.15648
0 0.89414 0.79120 0.04401 0.16389
0 0.89206 0.91875 0.06276 0.11343
