0 0.24323 0.20046 0.04427 0.14444
0 0.20052 0.23403 0.03281 0.10972
0 0.22422 0.12431 0.04740 0.11343
0 0.17552 0.41620 0.04010 0.13704
0 0.27669 0.51690 0.09661 0.18472
0 0.18984 0.56157 0.07708 0.16111
0 0.15326 0.58704 0.05547 0.14259
0 0.14557 0.70949 0.03594 0.17917
0 0.12292 0.66366 0.04219 0.17546
0 0.11159 0.85417 0.05234 0.20463
0 0.65065 0.39769 0.10599 0.15926
0 0.68932 0.13171 0.09062 0.10602
0 0.72878 0.27454 0.05651 0.14259
0 0.79023 0.21597 0.02474 0.11713
0 0.76432 0.14907 0.04115 0.08981
0 0.57708 0.90532 0.04948 0.17917
0 0.85339 0.59977 0.07917 0.10972
0 0.85547 0.69699 0.08542 0.10231
0 0.89922 0.87245 0.04531 0.19398
