0 0.68841 0.40764 0.07161 0.17824
0 0.57253 0.74815 0.04922 0.24815
0 0.28737 0.84815 0.12526 0.10833
0 0.27930 0.54838 0.07161 0.15139
0 0.23151 0.14699 0.07604 0.10324
0 0.24674 0.29352 0.06901 0.10648
0 0.16146 0.56644 0.07604 0.17824
0 0.21354 0.54028 0.08333 0.15741
0 0.80664 0.48773 0.08047 0.13194
0 0.81654 0.65648 0.05026 0.22778
0 0.85859 0.53981 0.04844 0.11481
0 0.85286 0.77523 0.07969 0.14954
0 0.86341 0.62153 0.04922 0.13194
0 0.88984 0.72361 0.04115 0.19907
0 0.21406 0.22685 0.08958 0.11944
0 0.17917 0.31667 0.06094 0.16852
