0 0.23997 0.44676 0.10495 0.16667
0 0.29284 0.16574 0.07214 0.13519
0 0.61289 0.40463 0.06745 0.18981
0 0.56224 0.78125 0.05625 0.25972
0 0.85729 0.72315 0.04948 0.23519
0 0.89141 0.73241 0.02813 0.22500
0 0.61888 0.87407 0.12266 0.20833
0 0.67695 0.29583 0.08516 0.13519
0 0.69531 0.22407 0.07865 0.10185
0 0.71836 0.16157 0.06276 0.12315
0 0.15833 0.58912 0.06563 0.16157
0 0.18971 0.73773 0.07318 0.15231
0 0.13164 0.78634 0.07786 0.20324
0 0.08516 0.85949 0.06927 0.19306
0 0.13177 0.58264 0.02760 0.17083
