0 0.19193 0.24329 0.03802 0.12083
0 0.22578 0.22870 0.03802 0.13889
0 0.22474 0.11875 0.04010 0.11713
0 0.17031 0.42130 0.04844 0.12963
0 0.19036 0.55880 0.08438 0.16296
0 0.14818 0.70949 0.04115 0.17546
0 0.12448 0.66319 0.04115 0.18102
0 0.11380 0.85532 0.05052 0.19583
0 0.68828 0.44907 0.11510 0.13333
0 0.74701 0.12731 0.07214 0.08981
0 0.69453 0.16574 0.08438 0.08981
0 0.75299 0.20579 0.05964 0.10787
0 0.79479 0.21296 0.04219 0.12963
0 0.87747 0.74699 0.05339 0.18843
0 0.87799 0.85880 0.06068 0.15556
0 0.89922 0.89815 0.03906 0.15741
0 0.57865 0.90255 0.04635 0.18472
