0 0.84831 0.51782 0.05807 0.18287
0 0.86263 0.71806 0.04401 0.21667
0 0.89609 0.72222 0.03750 0.19167
0 0.64141 0.35162 0.04948 0.20972
0 0.71523 0.28380 0.11068 0.11481
0 0.55703 0.24213 0.05625 0.13889
0 0.57826 0.40833 0.07682 0.18333
0 0.24818 0.52269 0.06458 0.20648
0 0.16549 0.42870 0.05130 0.16759
0 0.12786 0.58958 0.02708 0.21991
0 0.16589 0.60046 0.04323 0.18148
0 0.14310 0.74977 0.09036 0.10972
0 0.22214 0.31644 0.06563 0.15880
0 0.79023 0.20741 0.07318 0.11667
0 0.20781 0.19005 0.04844 0.10972
0 0.23268 0.15208 0.06745 0.13194
