0 0.46146 0.18727 0.04427 0.17361
0 0.22031 0.22338 0.04531 0.11343
0 0.18516 0.26366 0.03698 0.12824
0 0.16576 0.55509 0.06797 0.16296
0 0.12448 0.67847 0.03490 0.19028
0 0.16042 0.75995 0.07812 0.18472
0 0.14661 0.69120 0.03594 0.15000
0 0.74036 0.33634 0.08750 0.11713
0 0.66940 0.34583 0.07109 0.16481
0 0.82982 0.41412 0.06901 0.18472
0 0.62031 0.65463 0.08854 0.21574
0 0.56432 0.69699 0.03594 0.25231
0 0.57396 0.91296 0.03281 0.16111
0 0.87135 0.68681 0.05156 0.16991
0 0.89922 0.87801 0.03906 0.19769
