0 0.55794 0.49468 0.03724 0.20880
0 0.74232 0.57500 0.12005 0.10741
0 0.88099 0.73056 0.05469 0.23426
0 0.69518 0.33472 0.05651 0.14537
0 0.78932 0.23426 0.05990 0.12963
0 0.73203 0.15671 0.05365 0.11806
0 0.42266 0.22755 0.10938 0.10231
0 0.40091 0.28102 0.08984 0.11944
0 0.19466 0.23681 0.04453 0.14769
0 0.23919 0.14491 0.08099 0.09907
0 0.23242 0.18102 0.08724 0.11019
0 0.19596 0.42454 0.07995 0.13241
0 0.16510 0.49097 0.04948 0.17454
0 0.19036 0.63935 0.05990 0.16204
0 0.12995 0.66435 0.06302 0.18148
0 0.13724 0.71921 0.06563 0.17824
