0 0.11419 0.71412 0.03359 0.22546
0 0.14336 0.74745 0.03776 0.25880
0 0.14284 0.50185 0.04089 0.18426
0 0.21510 0.48958 0.10781 0.11157
0 0.19805 0.57245 0.12995 0.07269
0 0.61419 0.80440 0.04297 0.24213
0 0.57070 0.77731 0.04193 0.20648
0 0.66497 0.95579 0.05026 0.06528
0 0.59206 0.93912 0.06172 0.10231
0 0.83763 0.64120 0.06484 0.21759
0 0.87695 0.62824 0.04922 0.20648
0 0.88789 0.81620 0.03776 0.18796
0 0.89206 0.94931 0.06484 0.09306
0 0.78789 0.25208 0.05755 0.09491
0 0.75898 0.14699 0.06901 0.11898
