0 0.69414 0.49190 0.11276 0.14676
0 0.74779 0.16366 0.04141 0.10231
0 0.79622 0.22662 0.04557 0.13472
0 0.82969 0.55347 0.04635 0.19028
0 0.85013 0.48843 0.05443 0.16019
0 0.86146 0.70162 0.04323 0.19491
0 0.88620 0.84815 0.05885 0.21019
0 0.58138 0.79792 0.07005 0.23380
0 0.23464 0.16204 0.08021 0.08333
0 0.24674 0.10347 0.06693 0.05324
0 0.24258 0.49282 0.05078 0.22269
0 0.18971 0.58194 0.07891 0.17130
0 0.18164 0.37245 0.06016 0.14676
0 0.17422 0.52986 0.06458 0.19676
0 0.16263 0.49167 0.02370 0.11111
0 0.13867 0.52245 0.02943 0.19491
0 0.57448 0.95208 0.03385 0.08009
