0 0.56771 0.78681 0.05052 0.24028
0 0.61380 0.91968 0.10677 0.14676
0 0.84974 0.66736 0.04792 0.19491
0 0.89271 0.73241 0.03646 0.22500
0 0.73138 0.22500 0.05807 0.14537
0 0.79427 0.22917 0.04792 0.14815
0 0.65521 0.19491 0.05625 0.14352
0 0.61654 0.13657 0.08984 0.12685
0 0.45924 0.15255 0.08984 0.15509
0 0.39701 0.21829 0.05911 0.16343
0 0.20456 0.25787 0.04557 0.17407
0 0.26016 0.41343 0.07604 0.20000
0 0.26380 0.56250 0.09844 0.10833
0 0.19831 0.48981 0.11536 0.07685
0 0.12917 0.59236 0.03177 0.20509
0 0.16823 0.65741 0.07604 0.16481
0 0.11471 0.89468 0.08464 0.18287
0 0.86589 0.75116 0.02865 0.16898
0 0.15677 0.59815 0.04219 0.13981
