0 0.14622 0.51296 0.03880 0.18796
0 0.22240 0.48032 0.10156 0.09306
0 0.23672 0.57731 0.10260 0.13426
0 0.11563 0.71204 0.02187 0.19907
0 0.15247 0.71296 0.04922 0.20093
0 0.67188 0.40671 0.09323 0.10972
0 0.72565 0.12940 0.07109 0.10972
0 0.79674 0.21898 0.05443 0.14352
0 0.83503 0.61806 0.05547 0.16759
0 0.87331 0.63287 0.04401 0.18241
0 0.57904 0.77060 0.05859 0.23102
0 0.58737 0.94375 0.05443 0.11157
0 0.85716 0.77639 0.06172 0.17870
0 0.88737 0.81458 0.03255 0.22546
0 0.90221 0.93634 0.04297 0.09676
