0 0.24115 0.14745 0.09740 0.10139
0 0.79948 0.22292 0.05365 0.13194
0 0.82917 0.41806 0.07083 0.17315
0 0.74961 0.62014 0.10286 0.12731
0 0.88190 0.72083 0.05443 0.20648
0 0.65026 0.22523 0.06302 0.11806
0 0.66693 0.32014 0.10417 0.09769
0 0.26797 0.55579 0.08490 0.21343
0 0.13190 0.62778 0.08620 0.15926
0 0.18424 0.33981 0.04766 0.12593
0 0.22826 0.41296 0.03984 0.11667
0 0.15716 0.51806 0.07682 0.15463
0 0.15807 0.44676 0.04583 0.08241
0 0.20951 0.55208 0.07422 0.17083
0 0.17891 0.41088 0.05833 0.09769
0 0.71354 0.94931 0.05833 0.09769
0 0.78268 0.95556 0.08151 0.08611
