0 0.76068 0.15278 0.04896 0.08611
0 0.66159 0.29306 0.05911 0.15926
0 0.82760 0.42037 0.07292 0.15926
0 0.20456 0.30787 0.04974 0.17685
0 0.16784 0.36019 0.03307 0.11667
0 0.18268 0.45324 0.08411 0.10278
0 0.16549 0.58634 0.09609 0.09769
0 0.23320 0.47546 0.04714 0.17315
0 0.24583 0.59491 0.06042 0.22037
0 0.29193 0.60116 0.05312 0.20046
0 0.30924 0.88889 0.04974 0.21944
0 0.46523 0.76944 0.04974 0.31019
0 0.59753 0.88611 0.05443 0.22037
0 0.66315 0.77940 0.05964 0.26157
0 0.72214 0.62755 0.09010 0.25324
0 0.80755 0.58403 0.09271 0.11435
0 0.85977 0.57894 0.06693 0.14861
0 0.88203 0.76620 0.06094 0.21204
