0 0.57292 0.10787 0.09010 0.09074
0 0.24414 0.11111 0.08359 0.06389
0 0.23529 0.15394 0.07161 0.07917
0 0.22174 0.19722 0.06432 0.12593
0 0.22044 0.34722 0.06172 0.17315
0 0.18529 0.31806 0.04974 0.10370
0 0.16042 0.42616 0.04635 0.17824
0 0.12943 0.59977 0.06771 0.17824
0 0.21484 0.54352 0.07292 0.17685
0 0.28008 0.58935 0.06953 0.20741
0 0.67448 0.33472 0.07031 0.16019
0 0.85911 0.76389 0.07240 0.20741
0 0.88490 0.71620 0.05781 0.18056
0 0.82826 0.41690 0.07161 0.16620
0 0.76354 0.22384 0.06823 0.12269
0 0.79948 0.22292 0.03906 0.11065
0 0.72057 0.13519 0.05104 0.08148
0 0.74466 0.16667 0.08099 0.08148
