0 0.57383 0.95046 0.03620 0.09630
0 0.56628 0.80926 0.03724 0.26019
0 0.46992 0.82454 0.07734 0.28333
0 0.44375 0.67338 0.09323 0.23380
0 0.47057 0.36991 0.05625 0.21574
0 0.24128 0.16065 0.07734 0.12130
0 0.22253 0.20324 0.06016 0.14630
0 0.74036 0.19444 0.05625 0.11389
0 0.82292 0.39838 0.04323 0.13009
0 0.83086 0.56875 0.07318 0.20324
0 0.85703 0.54931 0.05521 0.18194
0 0.14089 0.73102 0.06927 0.11389
0 0.20208 0.65000 0.06927 0.19815
0 0.17643 0.38426 0.06016 0.16204
0 0.17500 0.44560 0.07917 0.13194
0 0.14245 0.58056 0.04219 0.16574
