0 0.38490 0.72431 0.09531 0.32454
0 0.28607 0.87269 0.20339 0.12870
0 0.52565 0.90139 0.21224 0.11389
0 0.70339 0.82940 0.20677 0.16435
0 0.72396 0.68542 0.14792 0.15972
0 0.71276 0.54120 0.12031 0.15741
0 0.68646 0.47755 0.11354 0.16713
0 0.66797 0.37176 0.12917 0.12870
0 0.66654 0.22523 0.05339 0.13565
0 0.32161 0.24722 0.05260 0.11759
0 0.38438 0.14306 0.03906 0.12963
0 0.34961 0.14815 0.03984 0.09722
0 0.60221 0.15602 0.08255 0.08889
0 0.63880 0.13773 0.03854 0.05880
0 0.61055 0.10949 0.06016 0.03380
0 0.59544 0.06111 0.05599 0.06019
