0 0.44284 0.01551 0.01536 0.02731
0 0.48307 0.02847 0.03802 0.05324
0 0.57240 0.02199 0.03594 0.04028
0 0.37552 0.07407 0.04740 0.07870
0 0.43216 0.07407 0.07005 0.08611
0 0.33242 0.21389 0.06589 0.13148
0 0.37240 0.39954 0.12969 0.15185
0 0.62865 0.39259 0.13177 0.15556
0 0.68112 0.40069 0.09661 0.10602
0 0.68932 0.49375 0.12344 0.17546
0 0.69036 0.70718 0.20781 0.19213
0 0.49531 0.88704 0.23958 0.14259
0 0.71615 0.85694 0.21406 0.15185
0 0.27813 0.69120 0.11615 0.28889
0 0.20208 0.76620 0.07917 0.29259
0 0.26914 0.53056 0.11016 0.21204
