0 0.54740 0.10509 0.05625 0.11389
0 0.37930 0.17500 0.09349 0.11667
0 0.61445 0.11644 0.05026 0.08287
0 0.67773 0.23889 0.05547 0.14537
0 0.23151 0.74907 0.14375 0.32037
0 0.33437 0.70324 0.19323 0.13611
0 0.31654 0.88611 0.22891 0.14630
0 0.28880 0.78704 0.21302 0.11667
0 0.60977 0.42361 0.14870 0.15185
0 0.55078 0.54560 0.10208 0.27731
0 0.42331 0.06065 0.07214 0.07500
0 0.36719 0.08079 0.03490 0.08380
0 0.70755 0.41296 0.06406 0.11667
0 0.73333 0.72477 0.14583 0.20324
0 0.68437 0.66366 0.15208 0.21528
0 0.70299 0.53449 0.13672 0.13750
