0 0.34792 0.15926 0.04479 0.09815
0 0.44258 0.06759 0.04818 0.09815
0 0.30065 0.40208 0.09297 0.16991
0 0.37383 0.43171 0.06536 0.21435
0 0.25508 0.58542 0.06380 0.24028
0 0.25443 0.78125 0.12656 0.20231
0 0.70013 0.79190 0.19453 0.22361
0 0.71576 0.61690 0.17057 0.20509
0 0.70104 0.50370 0.16198 0.17130
0 0.67786 0.39583 0.10156 0.10278
0 0.64687 0.26875 0.05000 0.14861
0 0.68490 0.27407 0.05000 0.12870
0 0.61016 0.14028 0.03698 0.09352
0 0.64583 0.14537 0.03438 0.08889
0 0.51602 0.02361 0.04297 0.04444
