0 0.68607 0.44861 0.10599 0.18704
0 0.70664 0.87824 0.19557 0.12407
0 0.71536 0.72986 0.19375 0.15787
0 0.29375 0.61250 0.06198 0.29074
0 0.23815 0.50532 0.07161 0.29398
0 0.33411 0.41713 0.14115 0.09352
0 0.45221 0.33750 0.12578 0.21296
0 0.34544 0.15833 0.04141 0.09630
0 0.39714 0.13380 0.04479 0.11481
0 0.61120 0.14468 0.03698 0.09028
0 0.39844 0.04444 0.05417 0.06111
0 0.64297 0.15231 0.03698 0.09352
0 0.64336 0.27153 0.05339 0.15139
0 0.68464 0.28773 0.05156 0.11620
0 0.50169 0.03310 0.06797 0.05972
