0 0.29349 0.35718 0.07500 0.16991
0 0.40378 0.11481 0.07422 0.11204
0 0.60586 0.06690 0.06432 0.07917
0 0.57344 0.26991 0.13385 0.14630
0 0.67318 0.39352 0.11406 0.12963
0 0.68633 0.47245 0.12474 0.13657
0 0.64844 0.56088 0.15521 0.15787
0 0.72279 0.66389 0.16589 0.19815
0 0.42214 0.75208 0.20625 0.20046
0 0.70560 0.86644 0.22422 0.15787
0 0.21823 0.68542 0.08229 0.24861
0 0.25964 0.71389 0.12396 0.27685
0 0.27083 0.85880 0.20625 0.13796
0 0.60885 0.16204 0.07292 0.11204
0 0.63984 0.15370 0.05312 0.10000
