0 0.29414 0.86829 0.21016 0.11991
0 0.52760 0.89907 0.22292 0.12593
0 0.59518 0.05556 0.05807 0.07222
0 0.61172 0.10324 0.06146 0.02870
0 0.58776 0.15602 0.06615 0.08426
0 0.64388 0.15069 0.04453 0.08750
0 0.62656 0.16042 0.05469 0.09028
0 0.47083 0.02477 0.02969 0.04676
0 0.39805 0.71944 0.07422 0.33889
0 0.29440 0.50347 0.08724 0.21157
0 0.30026 0.34653 0.06146 0.13102
0 0.67031 0.41366 0.11094 0.14306
0 0.68763 0.44884 0.11016 0.09028
0 0.70352 0.56157 0.14193 0.16204
0 0.72266 0.65162 0.15885 0.17917
