0 0.50495 0.12477 0.09323 0.06435
0 0.41940 0.08657 0.05026 0.06944
0 0.36458 0.08125 0.02917 0.08009
0 0.38411 0.08287 0.02396 0.07315
0 0.61680 0.34769 0.10443 0.16389
0 0.67591 0.38171 0.12630 0.13565
0 0.63490 0.88148 0.24271 0.16574
0 0.68411 0.44144 0.13437 0.08750
0 0.69857 0.51111 0.14141 0.10185
0 0.71172 0.62338 0.17760 0.23380
0 0.74115 0.78218 0.13229 0.28009
0 0.24727 0.56875 0.07526 0.27083
0 0.19922 0.74907 0.08333 0.31759
0 0.29935 0.67060 0.15339 0.24954
0 0.30339 0.78542 0.17760 0.12639
0 0.30703 0.88819 0.21667 0.13194
