0 0.30768 0.36204 0.05703 0.16759
0 0.21758 0.68889 0.08359 0.25093
0 0.26211 0.71250 0.12786 0.26759
0 0.27344 0.86111 0.19948 0.14722
0 0.41784 0.78935 0.18828 0.26759
0 0.70247 0.87130 0.22474 0.15093
0 0.71953 0.65417 0.16302 0.19352
0 0.71250 0.52292 0.11198 0.09306
0 0.68971 0.49769 0.13672 0.17685
0 0.67799 0.39398 0.11328 0.12037
0 0.62161 0.36250 0.10677 0.16852
0 0.58294 0.15093 0.04505 0.12500
0 0.62096 0.16157 0.05495 0.09907
0 0.64232 0.15440 0.05234 0.09213
0 0.59909 0.05718 0.05495 0.07176
