0 0.29414 0.86829 0.21016 0.11991
0 0.52760 0.89907 0.22292 0.12593
0 0.59492 0.06065 0.06276 0.06111
0 0.61172 0.10324 0.06146 0.02870
0 0.58776 0.15602 0.06615 0.08426
0 0.72266 0.70324 0.15208 0.15278
0 0.64388 0.15069 0.04453 0.08750
0 0.63164 0.16227 0.04453 0.08657
0 0.39427 0.57014 0.07917 0.32083
0 0.25677 0.55301 0.14583 0.24398
0 0.71289 0.63310 0.18099 0.15602
0 0.70508 0.52986 0.14401 0.09861
0 0.68008 0.50185 0.17630 0.14167
0 0.67982 0.42106 0.15547 0.09491
0 0.66419 0.35810 0.12578 0.08657
