0 0.38737 0.03472 0.02995 0.06574
0 0.43932 0.03935 0.04948 0.07130
0 0.61732 0.09977 0.05339 0.12639
0 0.53190 0.01296 0.02682 0.01481
0 0.57461 0.01273 0.02578 0.02176
0 0.30755 0.28912 0.04948 0.18657
0 0.49583 0.22778 0.11719 0.14444
0 0.54948 0.49375 0.16667 0.17917
0 0.67188 0.39884 0.08854 0.11343
0 0.69076 0.48565 0.10391 0.16296
0 0.71146 0.58148 0.12448 0.20463
0 0.50013 0.89259 0.23047 0.13519
0 0.72005 0.85231 0.20156 0.13148
0 0.27096 0.69884 0.09766 0.27083
0 0.20469 0.74630 0.09062 0.28889
0 0.28359 0.53472 0.13490 0.13704
