0 0.60534 0.06250 0.04714 0.06759
0 0.65286 0.25324 0.05208 0.17130
0 0.34753 0.17106 0.04922 0.10694
0 0.55260 0.29606 0.12240 0.17824
0 0.50365 0.27454 0.11042 0.17130
0 0.68724 0.42963 0.13854 0.09630
0 0.69766 0.50463 0.14948 0.12500
0 0.72305 0.61597 0.15443 0.22639
0 0.50951 0.48310 0.18464 0.18565
0 0.32747 0.56991 0.19349 0.17315
0 0.20820 0.76319 0.10130 0.30324
0 0.41432 0.71204 0.12240 0.25833
0 0.29245 0.75602 0.17344 0.21019
0 0.32891 0.88981 0.20260 0.13889
0 0.63542 0.88171 0.24583 0.15509
0 0.60638 0.68750 0.20755 0.21574
0 0.73867 0.77060 0.12943 0.28194
