0 0.37435 0.64861 0.09557 0.27407
0 0.29284 0.43333 0.12057 0.18056
0 0.30638 0.33218 0.09401 0.15602
0 0.33672 0.16620 0.03958 0.13611
0 0.42682 0.05741 0.08177 0.08426
0 0.71966 0.76551 0.22474 0.23565
0 0.72057 0.56551 0.09219 0.19120
0 0.67956 0.44005 0.13255 0.15139
0 0.66276 0.37060 0.12500 0.14398
0 0.68568 0.28032 0.05156 0.09491
0 0.61289 0.14213 0.03880 0.09167
0 0.64583 0.15463 0.03438 0.10741
0 0.61146 0.07963 0.05000 0.05185
0 0.55612 0.02431 0.06120 0.04583
0 0.59271 0.03125 0.03802 0.04120
