0 0.21497 0.68032 0.08359 0.21713
0 0.26758 0.68264 0.12005 0.22176
0 0.26693 0.83519 0.21563 0.14722
0 0.52643 0.79514 0.23464 0.25602
0 0.70898 0.59074 0.17109 0.20278
0 0.29857 0.35741 0.08099 0.17222
0 0.39128 0.11921 0.03724 0.11806
0 0.46185 0.03125 0.03255 0.06250
0 0.54154 0.04537 0.03776 0.08611
0 0.57826 0.19861 0.08880 0.12870
0 0.65898 0.21065 0.07370 0.12870
0 0.65807 0.40718 0.09740 0.20139
0 0.69427 0.45324 0.11667 0.11667
0 0.60078 0.07106 0.05052 0.09769
0 0.63724 0.13403 0.04635 0.05787
