0 0.37148 0.08750 0.03099 0.07500
0 0.61693 0.06782 0.03021 0.10694
0 0.57682 0.02500 0.04219 0.05370
0 0.46745 0.07130 0.08229 0.10000
0 0.53008 0.05093 0.07734 0.09444
0 0.66354 0.35370 0.14531 0.14074
0 0.68359 0.42060 0.14740 0.15694
0 0.71758 0.53565 0.15339 0.18704
0 0.70521 0.69606 0.20469 0.15139
0 0.75169 0.81042 0.10339 0.18009
0 0.63958 0.87708 0.23177 0.15694
0 0.52760 0.39676 0.13437 0.21574
0 0.29570 0.72917 0.19245 0.13889
0 0.40625 0.71435 0.13229 0.24444
0 0.31146 0.89537 0.21771 0.12500
