0 0.29023 0.43565 0.11536 0.17593
0 0.29622 0.33148 0.07057 0.15463
0 0.42109 0.35301 0.15156 0.15787
0 0.34609 0.21366 0.09635 0.13935
0 0.45690 0.13264 0.03880 0.09954
0 0.43789 0.04306 0.05599 0.07963
0 0.49219 0.03819 0.03177 0.07639
0 0.70690 0.73056 0.09401 0.36759
0 0.74219 0.61273 0.11979 0.26343
0 0.67904 0.40440 0.13516 0.17454
0 0.61250 0.32986 0.11719 0.14861
0 0.68659 0.28727 0.05339 0.11806
0 0.60990 0.14560 0.03802 0.09491
0 0.64687 0.15255 0.03802 0.09954
0 0.61367 0.07639 0.04401 0.06111
