0 0.63737 0.87917 0.23568 0.17130
0 0.60794 0.04907 0.03411 0.09815
0 0.34466 0.17199 0.04922 0.10880
0 0.51315 0.31921 0.06120 0.17824
0 0.61589 0.27361 0.06615 0.16944
0 0.66549 0.35486 0.14141 0.13565
0 0.68958 0.43843 0.13333 0.07130
0 0.69766 0.50023 0.14740 0.08750
0 0.71576 0.58819 0.15547 0.15324
0 0.67096 0.66065 0.20651 0.23704
0 0.75924 0.82106 0.07422 0.20139
0 0.30938 0.88449 0.22760 0.12824
0 0.26589 0.59306 0.09635 0.26944
0 0.19609 0.74722 0.09323 0.28889
0 0.39661 0.71667 0.15156 0.26389
0 0.29701 0.74792 0.17057 0.20139
