0 0.46966 0.01644 0.02161 0.03287
0 0.46198 0.06389 0.04323 0.08796
0 0.57930 0.01921 0.02474 0.03472
0 0.60130 0.05741 0.04844 0.06389
0 0.59661 0.11319 0.08854 0.10231
0 0.33268 0.21319 0.05859 0.12639
0 0.37096 0.08403 0.02786 0.11713
0 0.65898 0.22153 0.05234 0.11343
0 0.44544 0.33495 0.14401 0.20139
0 0.26641 0.53241 0.12135 0.21944
0 0.25417 0.66644 0.13385 0.24306
0 0.24844 0.84028 0.12448 0.14815
0 0.37865 0.70625 0.09271 0.34769
0 0.72057 0.64259 0.15937 0.20648
0 0.66576 0.42060 0.15234 0.18287
0 0.51185 0.89167 0.22734 0.13333
0 0.70990 0.86250 0.20573 0.14444
