0 0.29414 0.86829 0.21016 0.11991
0 0.52122 0.90255 0.21693 0.11898
0 0.70169 0.83009 0.21016 0.15833
0 0.66589 0.22708 0.05469 0.11991
0 0.35000 0.14653 0.03906 0.09120
0 0.60104 0.15532 0.08177 0.08287
0 0.64180 0.14444 0.04453 0.07222
0 0.61107 0.10880 0.06016 0.03704
0 0.59544 0.05972 0.05599 0.06389
0 0.73021 0.62315 0.13594 0.21852
0 0.70560 0.52014 0.15599 0.16806
0 0.69349 0.44560 0.12760 0.11528
0 0.67070 0.38241 0.11016 0.09259
0 0.27747 0.65903 0.16693 0.23657
0 0.27982 0.43056 0.08776 0.23889
0 0.36042 0.25556 0.08177 0.14074
