0 0.39870 0.04491 0.03385 0.08611
0 0.44453 0.02106 0.04115 0.03843
0 0.47487 0.02940 0.02370 0.05509
0 0.51849 0.01273 0.04323 0.02546
0 0.55664 0.01458 0.02057 0.02176
0 0.58737 0.01644 0.01641 0.02917
0 0.33268 0.21227 0.06068 0.11713
0 0.29167 0.38032 0.07292 0.19769
0 0.63737 0.35602 0.11016 0.15926
0 0.67604 0.38056 0.09062 0.08056
0 0.68411 0.48380 0.11927 0.16667
0 0.71823 0.69144 0.17083 0.18657
0 0.49323 0.88912 0.23958 0.12454
0 0.71536 0.84769 0.19844 0.15926
0 0.19948 0.75972 0.07812 0.28333
0 0.27578 0.68565 0.11510 0.27778
0 0.27878 0.54421 0.14193 0.17361
