0 0.47982 0.01458 0.05443 0.02546
0 0.58281 0.01829 0.03385 0.03287
0 0.33008 0.21042 0.05547 0.12083
0 0.37240 0.11620 0.08229 0.08241
0 0.38776 0.17755 0.08438 0.12454
0 0.50000 0.09259 0.08229 0.08981
0 0.63932 0.13171 0.04844 0.11713
0 0.29115 0.37384 0.08021 0.19213
0 0.27773 0.53403 0.14193 0.16806
0 0.20417 0.75324 0.08542 0.28148
0 0.27669 0.69236 0.11120 0.27639
0 0.49596 0.89259 0.23880 0.13889
0 0.71458 0.85694 0.21510 0.14074
0 0.71693 0.64282 0.16250 0.19213
0 0.69284 0.47824 0.13672 0.15556
0 0.67070 0.38981 0.10495 0.09167
