0 0.46185 0.05278 0.06172 0.06204
0 0.55104 0.01829 0.05052 0.03657
0 0.50000 0.01111 0.04323 0.01852
0 0.58633 0.01921 0.02057 0.03472
0 0.58984 0.09352 0.07292 0.09167
0 0.64245 0.12639 0.04427 0.09167
0 0.65130 0.21968 0.04323 0.12824
0 0.69349 0.27917 0.04531 0.15926
0 0.72904 0.63009 0.15547 0.23611
0 0.33477 0.21111 0.06068 0.12963
0 0.33854 0.33102 0.08854 0.13889
0 0.26328 0.53241 0.11719 0.23426
0 0.24987 0.67755 0.13568 0.24676
0 0.34427 0.79352 0.21094 0.28889
0 0.50247 0.89444 0.22526 0.13148
0 0.71302 0.85694 0.21615 0.14815
