0 0.42240 0.42708 0.16562 0.17361
0 0.67643 0.40162 0.11016 0.12269
0 0.68880 0.49468 0.12240 0.17731
0 0.71380 0.58796 0.11510 0.22500
0 0.49583 0.89259 0.24063 0.13519
0 0.71602 0.84954 0.22005 0.15926
0 0.20365 0.76898 0.09271 0.30926
0 0.27409 0.69583 0.10599 0.28333
0 0.28034 0.53981 0.14089 0.16111
0 0.33424 0.21389 0.06380 0.13519
0 0.35391 0.11968 0.03698 0.10417
0 0.44180 0.12338 0.09974 0.11157
0 0.46289 0.03657 0.02891 0.06574
0 0.49492 0.03472 0.02891 0.06944
0 0.52734 0.03750 0.04427 0.07130
0 0.58542 0.02014 0.04115 0.03287
