0 0.39766 0.07477 0.06302 0.08843
0 0.60378 0.05625 0.05234 0.07917
0 0.30104 0.35972 0.07031 0.17685
0 0.30664 0.56991 0.13984 0.29352
0 0.20352 0.73125 0.08620 0.27454
0 0.32409 0.80532 0.14661 0.28750
0 0.45703 0.76690 0.15260 0.36435
0 0.62461 0.73241 0.14974 0.37037
0 0.72383 0.65972 0.16641 0.17315
0 0.69167 0.49722 0.13385 0.18056
0 0.66667 0.40856 0.12135 0.15694
0 0.53815 0.31852 0.10026 0.17222
0 0.54935 0.18380 0.12786 0.12037
0 0.62904 0.17269 0.04974 0.12593
0 0.63086 0.11597 0.04036 0.05787
0 0.36888 0.32106 0.14245 0.17546
