0 0.43776 0.07963 0.03594 0.08611
0 0.37865 0.07222 0.05156 0.08611
0 0.58633 0.01458 0.02057 0.02917
0 0.53346 0.01181 0.05859 0.01991
0 0.33529 0.21042 0.05964 0.11713
0 0.32760 0.32662 0.08125 0.10046
0 0.62969 0.30532 0.05156 0.20139
0 0.64193 0.12153 0.04740 0.09676
0 0.65690 0.22153 0.06068 0.10972
0 0.26224 0.53796 0.11927 0.22685
0 0.24844 0.67477 0.12448 0.26713
0 0.35951 0.75509 0.14714 0.35463
0 0.50091 0.89259 0.23047 0.13519
0 0.71458 0.86065 0.20885 0.14815
0 0.72904 0.62384 0.15547 0.25602
0 0.68516 0.49005 0.12552 0.18657
