0 0.39206 0.44884 0.14193 0.24676
0 0.33477 0.21042 0.06068 0.12083
0 0.28503 0.37801 0.09453 0.20324
0 0.26432 0.53426 0.12135 0.22685
0 0.25195 0.67477 0.13568 0.24120
0 0.50195 0.88611 0.23255 0.13704
0 0.71745 0.85972 0.20052 0.15000
0 0.72878 0.63194 0.13672 0.23611
0 0.66823 0.47199 0.17396 0.18657
0 0.65234 0.21505 0.04323 0.12639
0 0.44141 0.07870 0.07604 0.09167
0 0.58333 0.09884 0.07604 0.11343
0 0.63151 0.11597 0.03281 0.10787
0 0.48854 0.06065 0.03281 0.08796
0 0.57721 0.01921 0.02682 0.03102
