0 0.25521 0.57662 0.09896 0.24213
0 0.29102 0.35116 0.06953 0.20139
0 0.74128 0.58380 0.14245 0.26852
0 0.33320 0.22431 0.06432 0.10509
0 0.70924 0.49468 0.14714 0.14306
0 0.69258 0.40671 0.12995 0.08194
0 0.68086 0.34792 0.11328 0.04583
0 0.47878 0.09954 0.08151 0.09907
0 0.37240 0.06528 0.02760 0.05741
0 0.39714 0.04653 0.02187 0.08287
0 0.56888 0.02801 0.05286 0.05231
0 0.45794 0.07639 0.06276 0.07685
0 0.49779 0.04722 0.06432 0.07037
0 0.45013 0.01968 0.05339 0.03565
0 0.41302 0.03102 0.01667 0.06019
