0 0.47839 0.03125 0.05156 0.05509
0 0.53503 0.02755 0.06380 0.04769
0 0.60078 0.05023 0.04531 0.04954
0 0.60951 0.12546 0.05651 0.08611
0 0.61471 0.16366 0.02995 0.10787
0 0.33112 0.21690 0.05547 0.11528
0 0.39089 0.10764 0.03281 0.09861
0 0.35755 0.12824 0.04010 0.08796
0 0.26536 0.53519 0.12344 0.22870
0 0.25469 0.67199 0.13073 0.25046
0 0.30143 0.87894 0.19141 0.11898
0 0.50729 0.89375 0.20990 0.12639
0 0.71953 0.85694 0.20885 0.15185
0 0.72487 0.65556 0.15130 0.21019
0 0.70312 0.52755 0.13073 0.11528
0 0.68125 0.45278 0.13385 0.15556
0 0.66667 0.36227 0.12552 0.09491
