0 0.22695 0.75301 0.13724 0.32176
0 0.32656 0.73056 0.19740 0.14074
0 0.30404 0.88750 0.20755 0.12778
0 0.48815 0.80278 0.19297 0.19630
0 0.71237 0.78912 0.18776 0.19583
0 0.60521 0.64167 0.23229 0.16667
0 0.65026 0.52106 0.10990 0.12361
0 0.64023 0.49491 0.14870 0.15648
0 0.63177 0.39028 0.14635 0.15833
0 0.68893 0.28495 0.04661 0.18102
0 0.64297 0.14167 0.03490 0.13426
0 0.36745 0.09005 0.03906 0.07083
0 0.42096 0.05394 0.06745 0.07917
0 0.43242 0.03750 0.07474 0.07130
0 0.50469 0.03472 0.03906 0.06852
