0 0.63229 0.46412 0.12083 0.15046
0 0.56797 0.78426 0.03229 0.26574
0 0.85859 0.71458 0.04844 0.19769
0 0.89479 0.73148 0.03698 0.18426
0 0.71315 0.32917 0.04089 0.14722
0 0.76966 0.25255 0.05130 0.10972
0 0.72500 0.17685 0.04375 0.13704
0 0.61940 0.15301 0.05911 0.14398
0 0.19753 0.23426 0.04661 0.11667
0 0.18255 0.37778 0.09323 0.08611
0 0.25065 0.55301 0.06380 0.15880
0 0.19518 0.44838 0.10286 0.09120
0 0.18607 0.54306 0.08464 0.09815
0 0.13997 0.61829 0.05339 0.19120
0 0.22174 0.65949 0.10651 0.09120
