0 0.83346 0.68519 0.05339 0.20278
0 0.86810 0.70880 0.02370 0.21296
0 0.89206 0.72917 0.02578 0.20648
0 0.82760 0.39074 0.06458 0.15556
0 0.79193 0.21296 0.03698 0.12500
0 0.75820 0.14213 0.03620 0.08796
0 0.69375 0.26204 0.07240 0.15556
0 0.73685 0.62847 0.08464 0.23843
0 0.58945 0.56088 0.10182 0.21157
0 0.56992 0.79653 0.03984 0.24676
0 0.44674 0.57176 0.11328 0.22315
0 0.27344 0.58519 0.08281 0.17593
0 0.25872 0.46204 0.11797 0.10833
0 0.21823 0.63032 0.04844 0.19120
0 0.16042 0.45602 0.05990 0.13704
0 0.18268 0.54537 0.05911 0.19444
0 0.13177 0.61667 0.05625 0.21481
0 0.12513 0.87546 0.04089 0.19444
