0 0.31393 0.12569 0.08620 0.08380
0 0.47292 0.35741 0.05312 0.21944
0 0.73581 0.18380 0.04922 0.11759
0 0.82044 0.40394 0.04609 0.15139
0 0.88620 0.68125 0.06719 0.15324
0 0.61497 0.82477 0.06224 0.24769
0 0.56836 0.81389 0.03516 0.26944
0 0.83060 0.56458 0.06016 0.20880
0 0.85807 0.53773 0.05104 0.18380
0 0.24883 0.55556 0.10234 0.12315
0 0.16745 0.66620 0.06615 0.19444
0 0.13984 0.57523 0.04115 0.18009
0 0.16940 0.46366 0.05807 0.15694
0 0.22253 0.20880 0.06016 0.09630
0 0.23424 0.17269 0.07734 0.11389
0 0.23932 0.13542 0.06927 0.08565
