0 0.14753 0.50833 0.04609 0.17870
0 0.13034 0.69815 0.05964 0.21574
0 0.19883 0.58356 0.07318 0.07639
0 0.23776 0.46921 0.11302 0.12639
0 0.24661 0.60602 0.08073 0.16944
0 0.30195 0.61713 0.06172 0.19907
0 0.18945 0.83958 0.13411 0.09676
0 0.60352 0.19907 0.06797 0.17130
0 0.70794 0.27731 0.06484 0.20093
0 0.76445 0.14699 0.04401 0.12269
0 0.65768 0.64213 0.14453 0.14167
0 0.57487 0.85532 0.04609 0.25139
0 0.80638 0.52801 0.03568 0.22917
0 0.83398 0.64583 0.02839 0.18611
0 0.85508 0.63935 0.04297 0.19167
0 0.88633 0.64213 0.04922 0.18611
0 0.88737 0.83009 0.04089 0.19722
