0 0.24492 0.12500 0.08411 0.07315
0 0.21315 0.20810 0.04714 0.14954
0 0.26758 0.21319 0.05911 0.13657
0 0.69896 0.14931 0.04115 0.10509
0 0.73867 0.24375 0.06224 0.13657
0 0.75820 0.15856 0.07891 0.11898
0 0.15482 0.50972 0.05495 0.15926
0 0.19661 0.44931 0.06302 0.15324
0 0.20742 0.56250 0.05964 0.09907
0 0.18333 0.83032 0.13073 0.14028
0 0.13099 0.84352 0.05625 0.22037
0 0.83021 0.40023 0.06510 0.13565
0 0.84154 0.47870 0.06641 0.17222
0 0.88125 0.71458 0.05312 0.20046
0 0.87357 0.87523 0.07891 0.16157
0 0.10885 0.94259 0.05573 0.10741
