0 0.56953 0.78333 0.04792 0.26667
0 0.86055 0.71806 0.04661 0.20463
0 0.90312 0.72894 0.04219 0.20509
0 0.57865 0.36921 0.08906 0.16157
0 0.69063 0.24769 0.06927 0.13519
0 0.76250 0.17500 0.03646 0.11667
0 0.69036 0.16944 0.09427 0.08796
0 0.43711 0.16574 0.05807 0.14537
0 0.47370 0.24190 0.05729 0.19676
0 0.24128 0.47917 0.13411 0.09815
0 0.19596 0.59468 0.04870 0.16991
0 0.20586 0.70880 0.08724 0.09815
0 0.13125 0.56574 0.04115 0.16481
0 0.09909 0.82361 0.05911 0.20278
0 0.13776 0.68889 0.06198 0.18148
0 0.60794 0.91597 0.05911 0.11343
