0 0.19661 0.23796 0.05677 0.10463
0 0.17760 0.36852 0.05625 0.14537
0 0.28255 0.93634 0.13490 0.12176
0 0.55612 0.50139 0.02995 0.21667
0 0.59557 0.50324 0.05469 0.19722
0 0.63802 0.46042 0.10729 0.16343
0 0.71901 0.29745 0.04219 0.19583
0 0.76016 0.15185 0.04531 0.08056
0 0.78268 0.21412 0.03203 0.09861
0 0.86875 0.61921 0.04531 0.18565
0 0.82826 0.51829 0.07943 0.09213
0 0.77773 0.52731 0.08672 0.13889
0 0.23372 0.59583 0.06484 0.19074
0 0.19115 0.59375 0.05104 0.17639
0 0.16224 0.60231 0.04583 0.13889
0 0.12005 0.65625 0.03854 0.16620
0 0.12214 0.84028 0.05625 0.19444
0 0.20104 0.82870 0.08802 0.19630
0 0.16836 0.76644 0.07526 0.19954
