0 0.14128 0.51759 0.03776 0.20463
0 0.21406 0.50903 0.10781 0.10231
0 0.11680 0.72685 0.03672 0.21759
0 0.15091 0.69444 0.03151 0.16389
0 0.17083 0.88727 0.08385 0.22546
0 0.21719 0.64583 0.09740 0.14907
0 0.62878 0.12940 0.06380 0.09491
0 0.76602 0.15162 0.06797 0.12454
0 0.78229 0.26412 0.07552 0.09306
0 0.58216 0.77431 0.06901 0.22731
0 0.58893 0.94375 0.04922 0.10417
0 0.70833 0.85833 0.10781 0.15648
0 0.78333 0.75856 0.08177 0.23657
0 0.83711 0.63380 0.05964 0.21019
0 0.87956 0.62731 0.05234 0.18981
0 0.89727 0.80602 0.05234 0.15278
0 0.89258 0.93264 0.06380 0.10417
