0 0.24427 0.12384 0.09479 0.07083
0 0.22865 0.18704 0.07812 0.10741
0 0.16380 0.46898 0.05573 0.16481
0 0.14271 0.62176 0.07969 0.12870
0 0.19271 0.54537 0.04844 0.09074
0 0.21758 0.63125 0.08620 0.23009
0 0.23594 0.92014 0.07812 0.15694
0 0.16549 0.94722 0.08828 0.10278
0 0.57578 0.82384 0.05052 0.23565
0 0.67266 0.17708 0.05104 0.11806
0 0.74271 0.14028 0.07292 0.10833
0 0.80130 0.22106 0.03906 0.12361
0 0.82891 0.39699 0.07031 0.13657
0 0.84310 0.50648 0.06432 0.10278
0 0.88151 0.71921 0.05365 0.20509
0 0.84818 0.71574 0.08750 0.15093
0 0.84557 0.88056 0.08750 0.11574
