0 0.28281 0.59213 0.09010 0.17500
0 0.14779 0.50741 0.04193 0.18796
0 0.12565 0.69259 0.03984 0.20463
0 0.08893 0.93634 0.04609 0.10417
0 0.23867 0.93171 0.04818 0.12824
0 0.58060 0.77801 0.06797 0.24213
0 0.61680 0.92454 0.05859 0.13981
0 0.60729 0.12292 0.07760 0.08565
0 0.79362 0.22361 0.06068 0.16019
0 0.78750 0.54444 0.09010 0.16204
0 0.83659 0.64213 0.03359 0.17130
0 0.86237 0.64491 0.03672 0.19537
0 0.88112 0.64028 0.04714 0.18241
0 0.88997 0.78843 0.05859 0.15463
0 0.89518 0.93079 0.06068 0.11528
0 0.20951 0.19630 0.03984 0.18056
0 0.29271 0.13866 0.08906 0.09491
0 0.30312 0.08773 0.08490 0.05231
