0 0.21953 0.21319 0.08073 0.10602
0 0.35651 0.11736 0.11198 0.06713
0 0.14596 0.50741 0.04505 0.16574
0 0.12721 0.68981 0.05547 0.20278
0 0.26029 0.57060 0.12891 0.09861
0 0.27904 0.69444 0.06380 0.17870
0 0.24557 0.88333 0.08906 0.19907
0 0.18177 0.91713 0.07865 0.13981
0 0.58268 0.78264 0.05755 0.23657
0 0.61523 0.92639 0.05964 0.13611
0 0.76549 0.20509 0.04193 0.13426
0 0.80846 0.23449 0.04818 0.12639
0 0.83190 0.62546 0.04714 0.21944
0 0.86185 0.64769 0.03776 0.18981
0 0.87904 0.64028 0.03880 0.18981
0 0.88997 0.78935 0.06484 0.16759
0 0.90117 0.93449 0.04922 0.11528
