0 0.11784 0.73727 0.06589 0.22731
0 0.23242 0.65625 0.12578 0.11713
0 0.14154 0.50741 0.02943 0.17685
0 0.17747 0.50185 0.03672 0.16944
0 0.23203 0.56597 0.09531 0.07824
0 0.30885 0.56319 0.09844 0.11343
0 0.24557 0.46921 0.08490 0.10787
0 0.24401 0.37037 0.08802 0.13426
0 0.61745 0.10810 0.08281 0.12269
0 0.71107 0.13958 0.06484 0.08935
0 0.76966 0.14051 0.03568 0.07269
0 0.79727 0.22454 0.07005 0.14352
0 0.77122 0.37685 0.04297 0.18056
0 0.63607 0.25602 0.03880 0.14722
0 0.57956 0.85995 0.05339 0.27176
0 0.82409 0.63958 0.04818 0.22917
0 0.85352 0.64398 0.03984 0.19722
0 0.88477 0.64028 0.04818 0.19722
0 0.89102 0.82269 0.05443 0.20463
