0 0.56979 0.74537 0.04219 0.25926
0 0.22109 0.13218 0.06458 0.13380
0 0.19753 0.24051 0.03672 0.14954
0 0.23503 0.42269 0.09036 0.12593
0 0.24310 0.51736 0.12266 0.13380
0 0.23672 0.59745 0.11198 0.10324
0 0.12839 0.58194 0.05104 0.19259
0 0.16055 0.42431 0.04557 0.13843
0 0.17005 0.62454 0.05365 0.18611
0 0.15977 0.56829 0.04557 0.17824
0 0.84062 0.43287 0.08594 0.17500
0 0.74609 0.12963 0.06354 0.09074
0 0.77083 0.17847 0.06094 0.13380
0 0.79180 0.22940 0.03672 0.12731
0 0.85586 0.62338 0.06276 0.15139
0 0.85938 0.76458 0.07708 0.16065
0 0.88893 0.71389 0.05026 0.18611
0 0.90208 0.90093 0.03854 0.19722
