0 0.14857 0.51574 0.04193 0.18241
0 0.17591 0.55000 0.03151 0.19537
0 0.25599 0.31181 0.11406 0.08750
0 0.24544 0.40787 0.05547 0.14537
0 0.21667 0.52662 0.10885 0.09306
0 0.25807 0.56042 0.11406 0.08194
0 0.11107 0.71412 0.03151 0.22917
0 0.15404 0.71574 0.04609 0.21759
0 0.57799 0.76759 0.06484 0.22130
0 0.58841 0.94190 0.05443 0.11528
0 0.72409 0.79792 0.07214 0.24398
0 0.76602 0.15347 0.03464 0.10231
0 0.79336 0.20764 0.02630 0.10972
0 0.82786 0.48125 0.08073 0.10972
0 0.82773 0.63102 0.06172 0.21204
0 0.85768 0.63287 0.04609 0.19722
0 0.87904 0.63472 0.04089 0.18611
0 0.89258 0.80231 0.05130 0.15648
0 0.89935 0.93634 0.05443 0.11157
