0 0.11901 0.74653 0.06667 0.19398
0 0.20534 0.58403 0.07318 0.17083
0 0.12904 0.56227 0.06328 0.16991
0 0.19193 0.23819 0.04948 0.16806
0 0.23164 0.18264 0.08203 0.11343
0 0.33372 0.26134 0.09036 0.14491
0 0.24870 0.12523 0.08438 0.07454
0 0.33516 0.15255 0.04479 0.12917
0 0.37344 0.20833 0.10104 0.09537
0 0.61966 0.47014 0.08724 0.19954
0 0.88216 0.66227 0.06068 0.19306
0 0.79622 0.22130 0.04714 0.12593
0 0.64857 0.27269 0.12578 0.14259
0 0.71393 0.14329 0.03359 0.09769
0 0.56315 0.09468 0.08620 0.09954
0 0.67318 0.12639 0.03594 0.12685
0 0.64232 0.17569 0.10026 0.11250
0 0.62695 0.09954 0.08984 0.10926
0 0.68451 0.89213 0.06068 0.20556
0 0.91641 0.96551 0.04896 0.05880
