0 0.22201 0.16389 0.04193 0.15278
0 0.18841 0.34444 0.04609 0.16389
0 0.14440 0.51019 0.03984 0.18611
0 0.23867 0.48866 0.13411 0.10231
0 0.25339 0.60116 0.12135 0.11528
0 0.15026 0.81898 0.10156 0.13426
0 0.11263 0.70833 0.03047 0.18796
0 0.14492 0.68426 0.04297 0.15833
0 0.57695 0.77060 0.06276 0.23472
0 0.58633 0.94190 0.06068 0.10046
0 0.73763 0.17662 0.03047 0.13009
0 0.77474 0.15347 0.01875 0.10972
0 0.80013 0.22708 0.04401 0.12269
0 0.81406 0.64792 0.10573 0.12269
0 0.83971 0.57616 0.04193 0.08380
0 0.87956 0.63472 0.05026 0.17130
0 0.88997 0.81065 0.05859 0.18056
0 0.89518 0.94560 0.05026 0.07824
