0 0.56966 0.75347 0.04557 0.25602
0 0.74271 0.23958 0.06354 0.12269
0 0.74766 0.13750 0.06094 0.07778
0 0.76602 0.16481 0.06901 0.07778
0 0.19661 0.21481 0.04219 0.15926
0 0.22148 0.22847 0.03672 0.12269
0 0.16198 0.43843 0.04844 0.16389
0 0.20417 0.41944 0.06615 0.17963
0 0.25104 0.51481 0.12812 0.10648
0 0.17422 0.62616 0.05469 0.20231
0 0.21406 0.60556 0.10573 0.14167
0 0.15924 0.57523 0.05182 0.18935
0 0.58763 0.92292 0.06536 0.14306
0 0.85508 0.62083 0.06276 0.15278
0 0.86042 0.81019 0.08229 0.14630
0 0.89974 0.90324 0.03594 0.18611
0 0.88841 0.71690 0.04922 0.18935
0 0.86354 0.74468 0.08854 0.12083
