0 0.63932 0.53773 0.09375 0.20139
0 0.74206 0.33079 0.09661 0.16806
0 0.84740 0.50579 0.06563 0.16898
0 0.85990 0.71366 0.04583 0.21806
0 0.89544 0.72708 0.04036 0.21806
0 0.67331 0.83495 0.09661 0.23657
0 0.59674 0.89907 0.04766 0.16759
0 0.25573 0.52917 0.05052 0.21481
0 0.14766 0.42477 0.02917 0.15972
0 0.20104 0.41181 0.07969 0.09676
0 0.18398 0.50625 0.09453 0.06991
0 0.18424 0.58310 0.08724 0.08657
0 0.13633 0.59907 0.04401 0.19815
0 0.79466 0.22639 0.06380 0.13333
0 0.13841 0.76134 0.09036 0.11157
0 0.75091 0.19282 0.05703 0.09120
