0 0.17148 0.38194 0.05182 0.18333
0 0.27995 0.72222 0.13125 0.11389
0 0.17266 0.94931 0.07917 0.09583
0 0.16172 0.85579 0.10677 0.14861
0 0.18268 0.51667 0.09766 0.09444
0 0.24648 0.57755 0.11016 0.19398
0 0.55859 0.49514 0.03750 0.20694
0 0.19466 0.57847 0.10755 0.06806
0 0.18841 0.70231 0.05026 0.16667
0 0.15885 0.70787 0.05365 0.21019
0 0.13659 0.72060 0.06536 0.21991
0 0.11875 0.66644 0.05208 0.19213
0 0.90013 0.88704 0.07214 0.16481
0 0.85273 0.50208 0.05182 0.19769
0 0.65234 0.26204 0.08021 0.14259
0 0.72565 0.12176 0.07266 0.07778
0 0.78164 0.20347 0.04036 0.16157
0 0.75234 0.21019 0.04167 0.09444
0 0.74987 0.16181 0.05547 0.06991
