0 0.56758 0.78819 0.04089 0.26713
0 0.81029 0.76111 0.05807 0.22685
0 0.82669 0.66042 0.06276 0.19769
0 0.86628 0.71319 0.03151 0.19120
0 0.89297 0.72639 0.03698 0.20463
0 0.65456 0.26806 0.06849 0.12685
0 0.69648 0.16898 0.03984 0.14537
0 0.76589 0.16644 0.03802 0.11343
0 0.80221 0.21412 0.03047 0.10324
0 0.12786 0.89190 0.06719 0.19861
0 0.23984 0.48542 0.10938 0.09120
0 0.22565 0.54606 0.10130 0.10139
0 0.23659 0.37963 0.05286 0.14907
0 0.17799 0.36620 0.08099 0.11667
0 0.14518 0.47477 0.04036 0.11435
0 0.15937 0.61574 0.04375 0.17407
0 0.13607 0.61343 0.03984 0.19352
