0 0.26445 0.33333 0.07422 0.17130
0 0.23503 0.49537 0.05755 0.14537
0 0.14049 0.49815 0.02734 0.15833
0 0.16328 0.50185 0.01667 0.14722
0 0.18945 0.48519 0.02943 0.14722
0 0.18529 0.61134 0.13203 0.09120
0 0.20430 0.23843 0.04193 0.18241
0 0.22461 0.11736 0.05547 0.12269
0 0.58685 0.79144 0.07422 0.23102
0 0.57122 0.95116 0.04297 0.09676
0 0.89258 0.86181 0.04505 0.24583
0 0.62357 0.35093 0.05339 0.20648
0 0.70638 0.26806 0.05130 0.16019
0 0.78333 0.25394 0.08177 0.10972
0 0.74336 0.16296 0.06901 0.04259
0 0.83242 0.55463 0.05443 0.19722
0 0.85768 0.50741 0.06276 0.18056
0 0.86341 0.70556 0.06380 0.19722
