0 0.57122 0.09120 0.09245 0.08426
0 0.83685 0.42708 0.05755 0.15509
0 0.56914 0.74722 0.03984 0.26204
0 0.61862 0.92222 0.08984 0.15278
0 0.57214 0.95810 0.02917 0.07824
0 0.85781 0.61435 0.06146 0.12593
0 0.85703 0.75255 0.08594 0.14306
0 0.89909 0.90463 0.03984 0.18981
0 0.45026 0.21227 0.08438 0.11898
0 0.39505 0.21968 0.06823 0.13194
0 0.22201 0.17060 0.04245 0.14676
0 0.30534 0.67801 0.12161 0.12361
0 0.18008 0.40301 0.07370 0.08287
0 0.13776 0.51343 0.05677 0.14537
0 0.22201 0.48356 0.10755 0.07824
0 0.24792 0.56157 0.12031 0.12870
0 0.22344 0.61574 0.12917 0.08519
0 0.89115 0.70208 0.04323 0.15972
