0 0.24714 0.11273 0.10260 0.06157
0 0.22565 0.19444 0.06380 0.13611
0 0.18320 0.27731 0.04609 0.15648
0 0.26706 0.52060 0.07109 0.23657
0 0.21576 0.53241 0.04609 0.21944
0 0.17747 0.51481 0.04297 0.21759
0 0.14076 0.51389 0.03880 0.20463
0 0.12044 0.72130 0.04193 0.18796
0 0.58633 0.78194 0.07318 0.21944
0 0.59362 0.94375 0.07109 0.09676
0 0.88841 0.84329 0.04089 0.25324
0 0.80091 0.44861 0.05859 0.20093
0 0.83503 0.48588 0.04714 0.11898
0 0.87552 0.60972 0.07760 0.15833
0 0.83711 0.62731 0.06172 0.21574
0 0.72826 0.16944 0.03880 0.16019
0 0.77643 0.20486 0.04297 0.09306
