0 0.22513 0.19745 0.06693 0.12269
0 0.26771 0.41898 0.08281 0.14167
0 0.20990 0.44745 0.09531 0.10972
0 0.11940 0.71505 0.03984 0.23472
0 0.19857 0.60880 0.13307 0.14167
0 0.14128 0.50278 0.03776 0.18241
0 0.16549 0.51389 0.03776 0.13796
0 0.63503 0.44190 0.13307 0.13194
0 0.62474 0.80718 0.07865 0.26250
0 0.58424 0.77731 0.06901 0.21019
0 0.57591 0.94375 0.03568 0.08935
0 0.88997 0.84421 0.04609 0.26620
0 0.86810 0.69259 0.05443 0.21574
0 0.82409 0.60231 0.06068 0.20278
0 0.83555 0.51181 0.03984 0.11157
0 0.85352 0.47500 0.04609 0.14537
0 0.73828 0.23634 0.08385 0.12269
0 0.77695 0.16366 0.05234 0.12269
