0 0.14388 0.49167 0.03880 0.16019
0 0.15846 0.55741 0.07005 0.15833
0 0.19479 0.66065 0.07552 0.19352
0 0.11159 0.83588 0.05130 0.22361
0 0.28633 0.64606 0.13099 0.12639
0 0.32344 0.55208 0.10469 0.10602
0 0.26914 0.50741 0.12995 0.13611
0 0.24036 0.40394 0.11198 0.09676
0 0.65911 0.13056 0.08073 0.13796
0 0.70260 0.10255 0.09219 0.10417
0 0.73607 0.17523 0.07109 0.07083
0 0.78477 0.18611 0.03255 0.16019
0 0.57591 0.86458 0.04401 0.26620
0 0.82826 0.63009 0.05026 0.21389
0 0.85977 0.64398 0.03568 0.19722
0 0.88789 0.64120 0.04609 0.18056
0 0.89310 0.80787 0.05859 0.17500
0 0.87760 0.86019 0.07552 0.17500
