0 0.14727 0.50185 0.04297 0.17685
0 0.12982 0.69259 0.04818 0.18611
0 0.10352 0.90926 0.05859 0.16944
0 0.21797 0.78750 0.08177 0.20833
0 0.25143 0.46551 0.12995 0.08935
0 0.21406 0.58079 0.10781 0.10417
0 0.14974 0.63194 0.07552 0.15833
0 0.26914 0.56296 0.07109 0.19537
0 0.63411 0.24468 0.09323 0.10972
0 0.58216 0.77986 0.06484 0.25324
0 0.74505 0.17106 0.07865 0.08565
0 0.78737 0.15903 0.03984 0.10972
0 0.82461 0.63102 0.04505 0.19352
0 0.85612 0.64213 0.04714 0.17870
0 0.88529 0.64120 0.04297 0.18426
0 0.83932 0.85162 0.08698 0.10602
0 0.89310 0.82269 0.05859 0.19722
0 0.89727 0.92639 0.06068 0.13611
