0 0.23789 0.13773 0.09193 0.10509
0 0.11953 0.69074 0.05156 0.22315
0 0.19935 0.73657 0.06328 0.20000
0 0.20326 0.40972 0.07839 0.11481
0 0.22370 0.35394 0.08698 0.08935
0 0.32969 0.72755 0.12240 0.11157
0 0.20612 0.59653 0.04297 0.20324
0 0.25859 0.51505 0.05729 0.16343
0 0.26237 0.63889 0.05964 0.24537
0 0.58490 0.92477 0.05833 0.14120
0 0.66198 0.94699 0.07448 0.09491
0 0.85182 0.44444 0.06771 0.21667
0 0.71771 0.24306 0.05208 0.16111
0 0.82409 0.30833 0.06953 0.13704
0 0.79870 0.22106 0.03594 0.10602
0 0.76810 0.18102 0.06953 0.13241
0 0.73164 0.15324 0.05599 0.05648
0 0.72917 0.12940 0.07344 0.06620
0 0.73802 0.10972 0.06146 0.05833
