0 0.59362 0.45394 0.12370 0.10972
0 0.56797 0.70880 0.05052 0.24815
0 0.85964 0.72130 0.04479 0.20463
0 0.89258 0.73241 0.03464 0.22500
0 0.85247 0.50995 0.06849 0.18009
0 0.21784 0.83472 0.06849 0.25000
0 0.24323 0.49653 0.07031 0.23009
0 0.12057 0.53727 0.04792 0.20139
0 0.14479 0.87407 0.07031 0.22500
0 0.18268 0.50486 0.08620 0.16991
0 0.82214 0.35880 0.06094 0.10833
0 0.75078 0.12106 0.07865 0.08843
0 0.77591 0.18380 0.07891 0.08981
0 0.77799 0.27546 0.07526 0.11481
0 0.11315 0.83472 0.04557 0.20463
0 0.15898 0.41968 0.03620 0.11157
0 0.18893 0.42361 0.04661 0.05926
