0 0.78581 0.22199 0.03255 0.12731
0 0.82943 0.42153 0.06563 0.16343
0 0.82943 0.57431 0.04115 0.18750
0 0.57161 0.74468 0.04323 0.24491
0 0.62187 0.86204 0.11823 0.12870
0 0.86445 0.61806 0.04661 0.13796
0 0.89141 0.71181 0.04115 0.17917
0 0.85260 0.75301 0.07292 0.14398
0 0.89922 0.89861 0.03906 0.19722
0 0.34909 0.20972 0.03984 0.13796
0 0.29766 0.32894 0.10208 0.11991
0 0.30312 0.46157 0.07917 0.13796
0 0.25846 0.68403 0.05078 0.20046
0 0.22135 0.55394 0.07760 0.17546
0 0.19049 0.46366 0.05807 0.15602
0 0.17240 0.44745 0.04740 0.13102
0 0.16836 0.61296 0.07161 0.20278
0 0.12005 0.67037 0.03854 0.21852
