0 0.23724 0.13449 0.09062 0.08657
0 0.20964 0.25162 0.04115 0.13565
0 0.24961 0.34954 0.05599 0.15833
0 0.57018 0.75116 0.04193 0.25324
0 0.79688 0.27106 0.03438 0.11898
0 0.82773 0.42569 0.07161 0.16435
0 0.85573 0.61505 0.05885 0.13472
0 0.57747 0.96273 0.03724 0.07083
0 0.85703 0.74977 0.08594 0.13935
0 0.89023 0.71319 0.04245 0.17917
0 0.89805 0.90463 0.04193 0.18519
0 0.31706 0.56875 0.09245 0.13102
0 0.14518 0.44028 0.05130 0.12130
0 0.17643 0.47731 0.06901 0.13796
0 0.21146 0.50787 0.10000 0.07685
0 0.23320 0.53611 0.10547 0.07315
0 0.25234 0.64884 0.12240 0.16343
