0 0.14284 0.50833 0.03672 0.16389
0 0.17956 0.45417 0.04089 0.16019
0 0.20091 0.47176 0.06901 0.15463
0 0.24505 0.48588 0.09427 0.08194
0 0.30742 0.53912 0.04297 0.22546
0 0.34336 0.49699 0.05234 0.22361
0 0.27331 0.55370 0.03776 0.16944
0 0.20521 0.59745 0.10469 0.09676
0 0.12773 0.68704 0.04818 0.20833
0 0.58164 0.78079 0.06589 0.25509
0 0.78685 0.84329 0.04922 0.25324
0 0.82513 0.44583 0.03984 0.18796
0 0.82409 0.62546 0.05443 0.17500
0 0.85612 0.61898 0.03672 0.15463
0 0.88320 0.63843 0.04505 0.18611
0 0.85404 0.74630 0.04922 0.16389
0 0.84180 0.87569 0.06901 0.09491
0 0.90169 0.80324 0.03359 0.17685
0 0.88841 0.91111 0.05964 0.17685
