0 0.56953 0.79190 0.04479 0.26065
0 0.66367 0.78241 0.12266 0.10648
0 0.74870 0.63935 0.08750 0.17593
0 0.83203 0.67731 0.05417 0.22500
0 0.86536 0.69931 0.03906 0.17083
0 0.89388 0.72894 0.04089 0.20972
0 0.82826 0.36019 0.06172 0.17593
0 0.78021 0.20880 0.06667 0.10000
0 0.65143 0.25347 0.06953 0.15880
0 0.68854 0.17731 0.10000 0.11481
0 0.26484 0.52593 0.09219 0.20278
0 0.27109 0.39329 0.07604 0.09306
0 0.20820 0.46690 0.08932 0.09120
0 0.20312 0.59190 0.04271 0.15880
0 0.16875 0.63935 0.04271 0.21296
0 0.13424 0.61713 0.04193 0.21296
0 0.14935 0.44560 0.04193 0.10324
0 0.12630 0.88218 0.05052 0.19769
