0 0.11563 0.84606 0.04948 0.22269
0 0.15273 0.52431 0.06328 0.20046
0 0.22253 0.58958 0.12161 0.10694
0 0.24648 0.48681 0.11745 0.12361
0 0.30234 0.23426 0.09219 0.14074
0 0.21979 0.24444 0.09740 0.14074
0 0.22487 0.16968 0.07214 0.10602
0 0.59336 0.43194 0.10755 0.11852
0 0.72266 0.40718 0.10156 0.17639
0 0.58607 0.63935 0.08620 0.23519
0 0.64714 0.81296 0.11146 0.20463
0 0.60000 0.92940 0.08802 0.13750
0 0.72383 0.14769 0.03307 0.10185
0 0.80169 0.49537 0.07318 0.14259
0 0.78268 0.19120 0.04245 0.13241
0 0.76237 0.16852 0.04661 0.12500
0 0.75495 0.13519 0.04375 0.05463
0 0.82240 0.64282 0.05312 0.19213
0 0.85547 0.63588 0.04010 0.20787
0 0.88242 0.66435 0.05078 0.19722
0 0.10938 0.98449 0.04063 0.02917
