0 0.13008 0.61273 0.05495 0.22454
0 0.09987 0.94190 0.05547 0.10602
0 0.17148 0.42384 0.06432 0.10694
0 0.47643 0.13843 0.05182 0.15093
0 0.23763 0.43704 0.09870 0.16481
0 0.36484 0.18611 0.07552 0.12685
0 0.33177 0.10764 0.08490 0.08935
0 0.36367 0.08935 0.08724 0.10278
0 0.58411 0.67801 0.07604 0.22269
0 0.72240 0.15556 0.03958 0.10926
0 0.82526 0.33032 0.05781 0.12083
0 0.86237 0.63356 0.05911 0.23194
0 0.89102 0.66528 0.03828 0.18056
0 0.85781 0.46481 0.06250 0.10278
0 0.83737 0.50370 0.09870 0.13241
0 0.79010 0.27986 0.06198 0.12917
0 0.76667 0.14144 0.03958 0.05787
0 0.77279 0.19560 0.07786 0.08935
