0 0.47135 0.03079 0.03177 0.06157
0 0.40729 0.06829 0.06094 0.08472
0 0.35078 0.13310 0.04635 0.12639
0 0.37174 0.08194 0.02578 0.07963
0 0.23203 0.74745 0.13750 0.31898
0 0.55260 0.52755 0.14375 0.30324
0 0.33294 0.70324 0.19609 0.13333
0 0.29063 0.78819 0.21510 0.10880
0 0.31510 0.88565 0.23490 0.14259
0 0.72279 0.72292 0.14297 0.19583
0 0.62370 0.12569 0.06563 0.09861
0 0.70117 0.56597 0.15234 0.18565
0 0.70599 0.41852 0.05990 0.12685
0 0.62031 0.40116 0.12760 0.16713
0 0.65182 0.28009 0.06927 0.13241
0 0.57357 0.21412 0.05911 0.16343
