0 0.36315 0.08287 0.02214 0.07685
0 0.51159 0.11875 0.10234 0.06250
0 0.42422 0.07940 0.05417 0.06620
0 0.38672 0.08032 0.02500 0.07824
0 0.67305 0.36644 0.11224 0.08009
0 0.63034 0.87986 0.23568 0.10509
0 0.75833 0.79792 0.08021 0.23009
0 0.61823 0.70000 0.21563 0.21574
0 0.68242 0.43310 0.14141 0.08194
0 0.69909 0.49583 0.14036 0.10000
0 0.72461 0.61343 0.15547 0.21759
0 0.65990 0.64931 0.16042 0.23194
0 0.33594 0.69444 0.18646 0.11574
0 0.22109 0.74884 0.12344 0.32083
0 0.29596 0.78380 0.20859 0.11574
0 0.31237 0.89676 0.20964 0.12130
