0 0.21107 0.74699 0.11120 0.31898
0 0.30117 0.85880 0.21432 0.14722
0 0.51966 0.87292 0.22109 0.15880
0 0.71471 0.81852 0.20859 0.15741
0 0.73021 0.70139 0.14219 0.10741
0 0.71159 0.58704 0.06276 0.17963
0 0.65456 0.53565 0.11016 0.21389
0 0.63802 0.42407 0.13385 0.15556
0 0.36667 0.08958 0.03750 0.07176
0 0.39206 0.06644 0.02995 0.08750
0 0.47734 0.04421 0.07865 0.08750
0 0.43190 0.04653 0.04922 0.07731
0 0.56224 0.07917 0.06406 0.10648
0 0.61901 0.10625 0.04010 0.11157
0 0.59922 0.07014 0.04740 0.06991
