0 0.48047 0.02500 0.04010 0.04630
0 0.61576 0.07847 0.03411 0.10694
0 0.50951 0.12060 0.10026 0.06620
0 0.42318 0.08032 0.05417 0.06065
0 0.38698 0.07847 0.02396 0.07824
0 0.36406 0.08681 0.02396 0.06620
0 0.61380 0.26574 0.05417 0.12500
0 0.33555 0.70000 0.19349 0.11944
0 0.73633 0.77130 0.10443 0.29074
0 0.64049 0.87269 0.22370 0.14444
0 0.70299 0.59213 0.16849 0.19630
0 0.68802 0.44120 0.13437 0.11574
0 0.67539 0.35926 0.12526 0.10185
0 0.60339 0.38264 0.11146 0.15509
0 0.22969 0.74630 0.13229 0.30833
0 0.31250 0.89792 0.21771 0.13380
0 0.29336 0.78287 0.21172 0.11759
