0 0.36068 0.14306 0.06771 0.11667
0 0.34049 0.24190 0.05495 0.14861
0 0.29635 0.36019 0.06510 0.16852
0 0.21615 0.68773 0.08229 0.24861
0 0.25690 0.71412 0.12266 0.28194
0 0.27383 0.85995 0.20964 0.14028
0 0.41641 0.72338 0.19219 0.14954
0 0.49036 0.81134 0.24740 0.24306
0 0.70508 0.86806 0.22161 0.15185
0 0.61602 0.07130 0.03047 0.09074
0 0.62057 0.13958 0.09010 0.06713
0 0.63659 0.20231 0.07682 0.14259
0 0.68568 0.40324 0.12604 0.12037
0 0.69076 0.51921 0.14922 0.17824
0 0.72474 0.64653 0.16719 0.23472
0 0.59206 0.05556 0.03307 0.06852
