0 0.59805 0.04583 0.04297 0.04074
0 0.62083 0.09398 0.04010 0.06111
0 0.58711 0.09282 0.04141 0.08380
0 0.31914 0.22662 0.05443 0.13750
0 0.34922 0.15903 0.04010 0.08380
0 0.63164 0.86505 0.22734 0.18843
0 0.31536 0.88611 0.22448 0.12963
0 0.20898 0.75532 0.10599 0.29491
0 0.40625 0.71088 0.14010 0.25694
0 0.29414 0.74745 0.17318 0.22361
0 0.74089 0.76690 0.12292 0.27731
0 0.63294 0.27708 0.12161 0.13750
0 0.67083 0.35116 0.13437 0.11713
0 0.68034 0.41829 0.14453 0.11435
0 0.69740 0.51227 0.14167 0.12454
0 0.71380 0.59398 0.15729 0.16019
