0 0.30859 0.35301 0.06042 0.14954
0 0.34909 0.40856 0.14661 0.15694
0 0.21693 0.69236 0.08490 0.25324
0 0.25768 0.71389 0.12005 0.27222
0 0.27448 0.87222 0.20417 0.11296
0 0.41615 0.78657 0.18229 0.27130
0 0.67878 0.40602 0.10807 0.16389
0 0.69531 0.50162 0.11875 0.17824
0 0.71471 0.59352 0.12995 0.09537
0 0.72109 0.70093 0.16510 0.16852
0 0.70299 0.87269 0.22422 0.15185
0 0.35872 0.17824 0.09141 0.14167
0 0.51107 0.22708 0.12005 0.14491
0 0.60052 0.05833 0.05104 0.07407
0 0.61133 0.16667 0.06901 0.10000
0 0.64232 0.15440 0.04974 0.09676
