0 0.30404 0.35833 0.06693 0.16759
0 0.21003 0.70023 0.09089 0.25694
0 0.27799 0.87847 0.20964 0.12731
0 0.26029 0.71134 0.11745 0.26528
0 0.42383 0.75093 0.20026 0.22407
0 0.70299 0.87014 0.22422 0.14861
0 0.72292 0.63449 0.15260 0.17454
0 0.60898 0.47106 0.12786 0.24861
0 0.48841 0.21968 0.08151 0.17083
0 0.43672 0.03079 0.02448 0.05880
0 0.60091 0.06065 0.05182 0.06481
0 0.60885 0.16204 0.07031 0.10278
0 0.64479 0.15671 0.04844 0.09676
0 0.60208 0.30532 0.05312 0.15787
0 0.66927 0.40347 0.11198 0.12361
0 0.70690 0.46505 0.08099 0.17083
