0 0.22474 0.19653 0.07656 0.10231
0 0.25495 0.31551 0.08698 0.09491
0 0.20260 0.32106 0.09115 0.07639
0 0.22422 0.41227 0.09427 0.10231
0 0.13711 0.51389 0.03359 0.18981
0 0.12201 0.71389 0.04089 0.22130
0 0.21979 0.61065 0.10677 0.16019
0 0.17487 0.50185 0.04401 0.17315
0 0.75286 0.13495 0.07552 0.08380
0 0.81159 0.33241 0.04609 0.16574
0 0.84857 0.44282 0.06797 0.10787
0 0.84128 0.54444 0.05547 0.16204
0 0.83555 0.63681 0.05026 0.22731
0 0.88997 0.83495 0.04401 0.28102
0 0.72044 0.91019 0.13620 0.13426
0 0.58424 0.79861 0.06901 0.21574
0 0.57591 0.94931 0.04193 0.09306
