0 0.31263 0.60856 0.09505 0.15324
0 0.43854 0.52384 0.06146 0.26250
0 0.16328 0.65324 0.05833 0.16481
0 0.14206 0.50208 0.04557 0.17731
0 0.09857 0.90556 0.05443 0.18056
0 0.14206 0.94236 0.06797 0.10694
0 0.56628 0.34861 0.04297 0.22685
0 0.56406 0.64907 0.04427 0.25926
0 0.63841 0.71852 0.06797 0.27593
0 0.20768 0.25903 0.05078 0.14676
0 0.30807 0.22917 0.08854 0.15648
0 0.21693 0.20764 0.05729 0.14676
0 0.31836 0.12894 0.09974 0.11528
0 0.24076 0.15648 0.06484 0.11759
0 0.72161 0.15023 0.03125 0.11343
0 0.76784 0.17569 0.06484 0.09120
0 0.82539 0.34097 0.05443 0.18472
0 0.90521 0.81088 0.05365 0.21713
0 0.83789 0.90162 0.05495 0.17824
0 0.86094 0.49514 0.06667 0.14676
0 0.86237 0.65903 0.05078 0.19306
