0 0.21667 0.16898 0.03854 0.11667
0 0.57930 0.75069 0.06016 0.25231
0 0.82500 0.41921 0.07292 0.16806
0 0.85612 0.61875 0.06224 0.13472
0 0.88906 0.71759 0.04323 0.19352
0 0.85404 0.74699 0.07578 0.13194
0 0.85781 0.84074 0.09531 0.12963
0 0.90273 0.90694 0.03099 0.18241
0 0.26862 0.45694 0.11693 0.10926
0 0.23242 0.79375 0.06224 0.22083
0 0.28789 0.58333 0.12578 0.15278
0 0.14544 0.44537 0.04245 0.17037
0 0.12852 0.60926 0.05547 0.17315
0 0.16471 0.46181 0.04453 0.13565
0 0.18685 0.51343 0.04401 0.15741
0 0.23073 0.54444 0.07083 0.13796
