0 0.44792 0.70787 0.07552 0.27407
0 0.18307 0.70440 0.06146 0.25417
0 0.10872 0.83958 0.05911 0.18472
0 0.19193 0.36829 0.05312 0.15324
0 0.11940 0.61921 0.07839 0.22269
0 0.45990 0.27593 0.08490 0.14259
0 0.40430 0.15509 0.05182 0.13426
0 0.24622 0.11366 0.07786 0.07639
0 0.20586 0.19907 0.05026 0.13333
0 0.65182 0.81852 0.05833 0.23704
0 0.59049 0.40972 0.07370 0.18796
0 0.57747 0.63819 0.05911 0.26435
0 0.85638 0.52431 0.05026 0.16898
0 0.88151 0.66389 0.05677 0.19630
0 0.56510 0.10903 0.08438 0.11343
0 0.62852 0.11366 0.07734 0.09676
0 0.70625 0.14444 0.04063 0.09537
0 0.75586 0.14468 0.05599 0.07361
0 0.79531 0.21481 0.04375 0.11019
