0 0.76654 0.16366 0.03568 0.10046
0 0.58216 0.76852 0.06693 0.21574
0 0.58477 0.94190 0.06380 0.11528
0 0.83138 0.63495 0.05651 0.22361
0 0.87331 0.66343 0.03568 0.18056
0 0.89128 0.64028 0.02943 0.18981
0 0.86875 0.80417 0.08490 0.14537
0 0.89805 0.77639 0.03464 0.14537
0 0.89883 0.93634 0.05130 0.10787
0 0.22982 0.28287 0.05547 0.14537
0 0.14753 0.50463 0.04609 0.17130
0 0.11471 0.71019 0.03464 0.19907
0 0.15352 0.70394 0.03672 0.22731
0 0.26654 0.51667 0.05964 0.19537
0 0.21263 0.55278 0.03776 0.20093
0 0.18320 0.54907 0.02943 0.20093
0 0.22266 0.40856 0.08073 0.09491
