0 0.14336 0.51481 0.03776 0.19537
0 0.12513 0.70949 0.05130 0.23843
0 0.20208 0.48310 0.10052 0.06528
0 0.26081 0.54375 0.06693 0.23472
0 0.17865 0.56875 0.08073 0.12454
0 0.56497 0.25694 0.05547 0.16019
0 0.61263 0.49398 0.06901 0.21759
0 0.67552 0.45694 0.07760 0.19907
0 0.63724 0.87894 0.09115 0.22731
0 0.57539 0.77523 0.05130 0.23287
0 0.58424 0.94468 0.05234 0.08009
0 0.83555 0.62083 0.06068 0.21759
0 0.88112 0.64491 0.04297 0.18796
0 0.88008 0.84884 0.05547 0.22731
0 0.91888 0.94005 0.03672 0.11157
0 0.75716 0.16088 0.04609 0.11713
0 0.78867 0.20301 0.02526 0.10417
