0 0.17682 0.76782 0.07031 0.25046
0 0.64531 0.42431 0.10781 0.12176
0 0.86107 0.71875 0.04193 0.19954
0 0.88971 0.73241 0.04193 0.20278
0 0.86745 0.50139 0.06094 0.15648
0 0.82839 0.37963 0.05625 0.13704
0 0.80078 0.21065 0.05156 0.11481
0 0.75221 0.13611 0.06745 0.06944
0 0.11849 0.82477 0.06094 0.19676
0 0.21276 0.18333 0.05990 0.13333
0 0.31628 0.13148 0.08151 0.08333
0 0.17904 0.50208 0.09193 0.16806
0 0.61667 0.31319 0.12187 0.08472
0 0.56758 0.44144 0.04401 0.20972
0 0.12083 0.55532 0.05052 0.16806
0 0.15690 0.42384 0.03047 0.11343
0 0.27383 0.12593 0.07422 0.09630
0 0.87396 0.96157 0.10365 0.05926
0 0.20677 0.44074 0.08646 0.09630
