0 0.57617 0.86528 0.04714 0.25926
0 0.33880 0.42431 0.06719 0.20231
0 0.11224 0.84491 0.05677 0.22870
0 0.28906 0.46366 0.05729 0.20694
0 0.15456 0.62176 0.10859 0.14167
0 0.15000 0.49606 0.05312 0.16065
0 0.19258 0.48218 0.06068 0.17546
0 0.25586 0.55000 0.05130 0.15093
0 0.22643 0.50903 0.08099 0.16806
0 0.57057 0.11088 0.07604 0.11250
0 0.64492 0.14144 0.05495 0.13009
0 0.72891 0.13912 0.07031 0.07639
0 0.77669 0.16806 0.04193 0.14074
0 0.82279 0.62338 0.04714 0.19954
0 0.85547 0.63727 0.03906 0.18565
0 0.88529 0.65486 0.05026 0.18472
0 0.85039 0.77176 0.09141 0.15833
0 0.89076 0.82569 0.04141 0.20694
