0 0.56940 0.79491 0.03516 0.22685
0 0.85820 0.70880 0.04766 0.20648
0 0.89818 0.73565 0.03802 0.21296
0 0.66458 0.40764 0.12083 0.12176
0 0.72695 0.28588 0.08568 0.08102
0 0.63698 0.22847 0.09792 0.10509
0 0.73737 0.22338 0.09714 0.07083
0 0.75990 0.15116 0.05052 0.10972
0 0.63984 0.14537 0.08854 0.08796
0 0.22943 0.16088 0.06094 0.12176
0 0.24701 0.56157 0.10182 0.17593
0 0.21406 0.51435 0.07031 0.14537
0 0.19232 0.40093 0.05911 0.13889
0 0.13854 0.44421 0.05625 0.17083
0 0.16758 0.48472 0.05339 0.08981
0 0.15664 0.64699 0.04661 0.21157
0 0.13607 0.61157 0.04557 0.18796
