0 0.56862 0.79653 0.04089 0.24028
0 0.80872 0.84491 0.10651 0.20463
0 0.85586 0.70509 0.04661 0.20278
0 0.89492 0.72731 0.04661 0.20648
0 0.62891 0.31875 0.10469 0.13380
0 0.69232 0.28681 0.05807 0.16065
0 0.75586 0.14537 0.07891 0.11481
0 0.63268 0.16968 0.09141 0.11991
0 0.56549 0.27014 0.07526 0.14398
0 0.29648 0.54282 0.07526 0.18935
0 0.23607 0.48194 0.06276 0.20278
0 0.20703 0.35023 0.03906 0.14213
0 0.16706 0.31366 0.06953 0.12361
0 0.15182 0.42685 0.05990 0.16389
0 0.19089 0.46204 0.05625 0.11852
0 0.19023 0.53634 0.07422 0.16250
0 0.14232 0.60556 0.05807 0.21667
