0 0.19505 0.24630 0.04219 0.16574
0 0.21602 0.20648 0.05286 0.14352
0 0.14466 0.55231 0.07578 0.10370
0 0.23047 0.51968 0.12552 0.13380
0 0.26250 0.77060 0.09375 0.24398
0 0.13008 0.68542 0.05026 0.16898
0 0.15039 0.84468 0.06328 0.23750
0 0.18555 0.74190 0.06901 0.21991
0 0.23438 0.66759 0.09323 0.20556
0 0.58112 0.89653 0.05339 0.19769
0 0.88542 0.78056 0.08385 0.16667
0 0.64648 0.94306 0.06016 0.10926
0 0.84961 0.44074 0.06328 0.16111
0 0.80326 0.32176 0.08151 0.13056
0 0.72539 0.16968 0.05599 0.08287
0 0.74531 0.12940 0.07344 0.08194
0 0.80104 0.21458 0.03594 0.10694
0 0.77812 0.18588 0.04219 0.13935
