0 0.60781 0.88935 0.10885 0.21759
0 0.75820 0.14977 0.04193 0.07824
0 0.78711 0.27454 0.05807 0.13333
0 0.79766 0.21597 0.04792 0.09120
0 0.82773 0.43796 0.07161 0.18611
0 0.85768 0.61806 0.06016 0.13796
0 0.89115 0.72361 0.04323 0.20278
0 0.85547 0.75208 0.07969 0.14398
0 0.83372 0.86157 0.08255 0.15000
0 0.89818 0.90093 0.04115 0.19722
0 0.23594 0.15000 0.07031 0.10093
0 0.30755 0.31250 0.10417 0.15370
0 0.31458 0.49630 0.10208 0.09630
0 0.27734 0.68704 0.06823 0.19444
0 0.26211 0.55810 0.08255 0.12361
0 0.22995 0.38380 0.06406 0.08519
0 0.25130 0.47731 0.10938 0.10463
0 0.15299 0.42407 0.06016 0.12963
0 0.16068 0.48356 0.04583 0.17917
0 0.19062 0.46991 0.05677 0.16111
