0 0.76380 0.15486 0.02917 0.08657
0 0.79453 0.20486 0.02969 0.15509
0 0.82760 0.43148 0.07031 0.20185
0 0.85508 0.61736 0.06016 0.13472
0 0.89049 0.71782 0.04453 0.19120
0 0.85482 0.75162 0.07839 0.14306
0 0.89896 0.90208 0.03854 0.19213
0 0.67370 0.79560 0.10677 0.21250
0 0.70677 0.94630 0.10938 0.10556
0 0.57630 0.77292 0.05260 0.24398
0 0.13112 0.94306 0.04870 0.10556
0 0.25872 0.69028 0.04870 0.21019
0 0.31354 0.53056 0.04740 0.18148
0 0.26953 0.19375 0.07292 0.09954
0 0.21185 0.20023 0.03047 0.10694
0 0.23750 0.49676 0.10885 0.13333
0 0.19193 0.45903 0.06354 0.16343
0 0.15820 0.45625 0.04870 0.11991
0 0.17305 0.60093 0.06224 0.19722
0 0.13151 0.59120 0.04115 0.20185
