0 0.23750 0.15903 0.09948 0.11713
0 0.21615 0.22338 0.04219 0.11713
0 0.22383 0.54676 0.06224 0.21204
0 0.12122 0.89120 0.05599 0.20648
0 0.17253 0.68727 0.05911 0.20787
0 0.12956 0.68750 0.04401 0.19907
0 0.16536 0.51435 0.07448 0.09167
0 0.16719 0.56667 0.07344 0.07963
0 0.60495 0.37616 0.06406 0.20880
0 0.56706 0.65694 0.04297 0.25093
0 0.58698 0.92569 0.06146 0.14583
0 0.70026 0.64444 0.11302 0.16667
0 0.88971 0.65278 0.05911 0.19444
0 0.69518 0.51759 0.06536 0.18241
0 0.82930 0.41759 0.06901 0.17222
0 0.78568 0.22778 0.05729 0.12593
0 0.76745 0.15926 0.09323 0.07315
0 0.75990 0.12431 0.05156 0.03657
