0 0.56862 0.80000 0.04089 0.25370
0 0.85573 0.71713 0.05990 0.21296
0 0.89479 0.72917 0.03906 0.19630
0 0.69987 0.43102 0.12474 0.11481
0 0.79362 0.21713 0.05130 0.10648
0 0.60326 0.44236 0.06849 0.15046
0 0.57005 0.30926 0.05521 0.20278
0 0.65469 0.33634 0.11406 0.09120
0 0.65833 0.20394 0.05521 0.13380
0 0.61615 0.14977 0.04479 0.12361
0 0.23307 0.15903 0.09896 0.08102
0 0.19167 0.23588 0.04271 0.11991
0 0.18971 0.34236 0.10182 0.11343
0 0.20117 0.41921 0.06745 0.08102
0 0.24023 0.46366 0.10755 0.12176
0 0.22956 0.56644 0.12266 0.08472
0 0.13971 0.62407 0.05130 0.20648
0 0.14831 0.47130 0.05130 0.13704
