0 0.14232 0.50278 0.03984 0.18241
0 0.12721 0.69444 0.05130 0.20833
0 0.16289 0.56204 0.03672 0.19722
0 0.23776 0.48148 0.09635 0.14352
0 0.21667 0.58819 0.10469 0.10787
0 0.32083 0.59028 0.09323 0.14907
0 0.19219 0.69884 0.10990 0.13194
0 0.22396 0.76250 0.10052 0.18056
0 0.57122 0.85255 0.03672 0.26435
0 0.62044 0.88426 0.06797 0.21574
0 0.83880 0.73542 0.10260 0.08935
0 0.72826 0.15625 0.06797 0.10046
0 0.79102 0.20880 0.05130 0.14537
0 0.82930 0.61343 0.04401 0.16204
0 0.85560 0.62361 0.04609 0.17130
0 0.88216 0.64398 0.04922 0.19352
0 0.85703 0.82269 0.07656 0.13796
0 0.89961 0.81991 0.03776 0.21019
