0 0.21146 0.16296 0.03802 0.16481
0 0.23307 0.18380 0.03802 0.12963
0 0.38008 0.41435 0.05651 0.22500
0 0.17839 0.41991 0.04427 0.15926
0 0.16784 0.54769 0.07005 0.13704
0 0.22214 0.60741 0.04531 0.21944
0 0.26536 0.65208 0.07604 0.25417
0 0.16706 0.63194 0.05859 0.15926
0 0.14557 0.71690 0.03177 0.18287
0 0.11771 0.66736 0.03802 0.17546
0 0.11732 0.86343 0.05339 0.21944
0 0.65078 0.22477 0.04219 0.17546
0 0.60742 0.31528 0.09557 0.13333
0 0.74935 0.13079 0.05651 0.09306
0 0.79258 0.20949 0.06068 0.11528
0 0.69076 0.43449 0.05234 0.19583
0 0.57474 0.69306 0.04844 0.22315
0 0.69740 0.74005 0.11927 0.11528
0 0.57656 0.90162 0.04219 0.19398
