0 0.56992 0.79583 0.03047 0.26204
0 0.82721 0.67755 0.06380 0.22176
0 0.86536 0.71227 0.02760 0.19306
0 0.89141 0.71806 0.02083 0.21481
0 0.80221 0.26204 0.05911 0.11481
0 0.67839 0.27245 0.06094 0.09120
0 0.68255 0.18125 0.10938 0.10509
0 0.72682 0.12870 0.03802 0.10833
0 0.77201 0.17917 0.06745 0.06759
0 0.27279 0.56713 0.05807 0.16389
0 0.24440 0.39838 0.07422 0.14028
0 0.28034 0.41898 0.08672 0.13148
0 0.18841 0.62662 0.11797 0.11898
0 0.14036 0.61852 0.04688 0.19537
0 0.20677 0.52037 0.10365 0.09352
0 0.15703 0.41736 0.03854 0.06991
0 0.17721 0.48287 0.09557 0.06296
0 0.14245 0.89213 0.08385 0.20278
