0 0.10846 0.83773 0.03880 0.23472
0 0.12357 0.64676 0.04401 0.21389
0 0.14831 0.49167 0.03047 0.17500
0 0.17383 0.60486 0.03776 0.23843
0 0.22266 0.49144 0.08490 0.11898
0 0.23138 0.56227 0.04193 0.23472
0 0.32630 0.55093 0.10156 0.15278
0 0.34401 0.42801 0.12031 0.09306
0 0.44232 0.16204 0.05339 0.13796
0 0.56862 0.20764 0.07109 0.09491
0 0.61211 0.12963 0.04505 0.13611
0 0.72357 0.16458 0.05026 0.12083
0 0.76497 0.13681 0.05755 0.10972
0 0.80065 0.22616 0.03464 0.12083
0 0.65091 0.56690 0.04714 0.25139
0 0.57591 0.85347 0.04401 0.27361
0 0.81458 0.74375 0.10260 0.10602
0 0.82617 0.61806 0.03776 0.18241
0 0.85299 0.64028 0.03880 0.17500
0 0.88529 0.64120 0.05130 0.18796
0 0.89674 0.82731 0.05755 0.21389
