0 0.10742 0.72963 0.05755 0.21944
0 0.23411 0.19005 0.09531 0.10046
0 0.13919 0.51204 0.03359 0.18611
0 0.16224 0.50370 0.02083 0.18426
0 0.20625 0.59097 0.11302 0.11713
0 0.26927 0.42454 0.07552 0.16759
0 0.19167 0.42986 0.08385 0.11898
0 0.19687 0.49236 0.10052 0.09861
0 0.58841 0.78773 0.07318 0.23102
0 0.57383 0.94560 0.03568 0.07083
0 0.64245 0.94468 0.07656 0.10972
0 0.89310 0.84144 0.04193 0.23102
0 0.86549 0.70926 0.05547 0.19352
0 0.83151 0.68588 0.10677 0.11713
0 0.82930 0.53426 0.06068 0.16389
0 0.86133 0.49352 0.04505 0.18611
0 0.82201 0.33148 0.03984 0.15278
0 0.79466 0.20486 0.04193 0.10046
0 0.75924 0.14606 0.05443 0.09491
