0 0.23268 0.16157 0.06849 0.08981
0 0.23372 0.59468 0.06797 0.18843
0 0.12174 0.84144 0.06068 0.16620
0 0.20964 0.82083 0.10208 0.18056
0 0.12643 0.64259 0.05651 0.18426
0 0.16953 0.76667 0.07865 0.21111
0 0.19492 0.59676 0.05339 0.18056
0 0.16484 0.60440 0.05052 0.13657
0 0.66458 0.14444 0.05833 0.12963
0 0.55469 0.49792 0.03073 0.21806
0 0.78620 0.22569 0.03854 0.12454
0 0.64193 0.40301 0.12344 0.13565
0 0.88320 0.62315 0.05599 0.14167
0 0.76602 0.38634 0.08568 0.12083
0 0.71354 0.36111 0.07344 0.07870
