0 0.43255 0.08264 0.09635 0.09491
0 0.19596 0.40417 0.03776 0.17130
0 0.14622 0.51111 0.04089 0.18056
0 0.25443 0.43819 0.10052 0.10231
0 0.26432 0.56389 0.10573 0.16759
0 0.12826 0.68704 0.04714 0.20833
0 0.12201 0.86389 0.07005 0.16019
0 0.58164 0.77616 0.07005 0.23843
0 0.61523 0.91435 0.06380 0.13796
0 0.79323 0.62361 0.07656 0.20093
0 0.75404 0.14144 0.05651 0.08565
0 0.80729 0.57083 0.07969 0.14352
0 0.84401 0.63009 0.02292 0.19167
0 0.85768 0.64120 0.02943 0.21019
0 0.88372 0.64028 0.03568 0.16759
0 0.89310 0.79954 0.03984 0.16574
0 0.89883 0.93356 0.04922 0.10972
