0 0.59779 0.22060 0.09453 0.11157
0 0.68125 0.20880 0.09271 0.09167
0 0.74792 0.13819 0.04948 0.09676
0 0.77161 0.20671 0.03281 0.10602
0 0.79818 0.21944 0.03281 0.13519
0 0.84831 0.55509 0.07109 0.22130
0 0.89974 0.72060 0.05052 0.17917
0 0.57396 0.90810 0.03906 0.17731
0 0.28867 0.60995 0.06484 0.25046
0 0.22773 0.13519 0.05443 0.13148
0 0.19753 0.27454 0.07005 0.15000
0 0.17839 0.42315 0.04427 0.14074
0 0.19401 0.54421 0.03594 0.18102
0 0.22839 0.59838 0.04740 0.19769
0 0.15690 0.60440 0.07109 0.18472
0 0.14310 0.71227 0.03099 0.18843
0 0.12031 0.66551 0.03906 0.17546
0 0.11732 0.85880 0.05339 0.22130
