0 0.23893 0.13912 0.09141 0.11065
0 0.28724 0.67384 0.08958 0.20787
0 0.16445 0.81991 0.09141 0.23426
0 0.13945 0.46829 0.04036 0.14120
0 0.17721 0.42847 0.03984 0.12361
0 0.40326 0.96435 0.06589 0.06389
0 0.09609 0.96667 0.05156 0.06204
0 0.26133 0.51435 0.06276 0.17778
0 0.19453 0.59907 0.11302 0.09074
0 0.19049 0.49468 0.08776 0.12269
0 0.57812 0.25231 0.08958 0.14907
0 0.90208 0.76620 0.06146 0.20648
0 0.79922 0.22662 0.04219 0.11065
0 0.57370 0.11458 0.08698 0.08750
0 0.66797 0.11667 0.08646 0.09815
0 0.72695 0.11481 0.05911 0.07315
0 0.76458 0.17454 0.07344 0.11944
0 0.76198 0.13866 0.04844 0.04769
