0 0.75820 0.15185 0.02734 0.14352
0 0.78789 0.17593 0.03464 0.13611
0 0.58060 0.75741 0.05964 0.20833
0 0.59362 0.92708 0.05859 0.13009
0 0.70221 0.71875 0.05339 0.25324
0 0.83294 0.63843 0.07005 0.21574
0 0.87487 0.63657 0.04922 0.17870
0 0.88997 0.80324 0.04818 0.14722
0 0.89570 0.93171 0.05547 0.09861
0 0.13919 0.51204 0.02943 0.14907
0 0.17331 0.43935 0.05547 0.13426
0 0.11315 0.72037 0.02734 0.21574
0 0.15352 0.72685 0.03672 0.20648
0 0.15247 0.53866 0.03255 0.12824
0 0.18945 0.59444 0.02943 0.21759
0 0.24505 0.49051 0.08594 0.07269
0 0.25339 0.57616 0.11927 0.12083
