0 0.23346 0.17847 0.06484 0.10046
0 0.26237 0.40579 0.07005 0.11528
0 0.13867 0.50648 0.02839 0.18981
0 0.17383 0.49074 0.03568 0.16944
0 0.19375 0.46273 0.09219 0.06898
0 0.17630 0.61968 0.12031 0.11157
0 0.25495 0.52315 0.11198 0.13796
0 0.58854 0.79051 0.07969 0.22917
0 0.57435 0.94745 0.03672 0.08194
0 0.89362 0.85347 0.04297 0.23287
0 0.86602 0.69815 0.06276 0.17130
0 0.83451 0.55185 0.05443 0.18796
0 0.86133 0.50000 0.05547 0.18796
0 0.81888 0.36644 0.05234 0.12639
0 0.78737 0.20671 0.06484 0.11898
0 0.75820 0.15718 0.05651 0.08380
