0 0.13958 0.83056 0.08281 0.19444
0 0.21979 0.55926 0.08542 0.10000
0 0.15755 0.60486 0.06563 0.16250
0 0.64674 0.49190 0.13724 0.12361
0 0.42878 0.25810 0.06432 0.18380
0 0.75599 0.14514 0.07031 0.08009
0 0.84336 0.45324 0.07682 0.16389
0 0.88073 0.92963 0.10208 0.13333
0 0.88568 0.68773 0.05625 0.14954
0 0.25638 0.11111 0.08828 0.06852
0 0.18333 0.25185 0.03385 0.16389
0 0.26758 0.21412 0.02578 0.13102
0 0.20990 0.20880 0.04323 0.14167
0 0.23594 0.21620 0.03438 0.12870
0 0.24049 0.13194 0.07891 0.03056
