0 0.56940 0.79630 0.04974 0.26667
0 0.82904 0.68889 0.06276 0.24167
0 0.86615 0.72870 0.04323 0.21481
0 0.89557 0.73542 0.03854 0.25139
0 0.75547 0.14329 0.09740 0.13657
0 0.64167 0.26991 0.04792 0.11667
0 0.64049 0.11597 0.08516 0.11157
0 0.66810 0.23102 0.09557 0.13519
0 0.41055 0.28773 0.11328 0.13194
0 0.45091 0.21597 0.11068 0.10509
0 0.22643 0.17755 0.09089 0.13843
0 0.33021 0.52222 0.09271 0.17500
0 0.24974 0.62153 0.08333 0.16343
0 0.19922 0.49745 0.11146 0.10509
0 0.24505 0.44213 0.08906 0.14815
0 0.16107 0.62083 0.04870 0.24167
0 0.13125 0.59606 0.03802 0.22824
0 0.13346 0.88125 0.08151 0.19676
