0 0.22500 0.18519 0.07708 0.12500
0 0.26172 0.70671 0.08958 0.18009
0 0.11445 0.89282 0.04974 0.20972
0 0.12526 0.68866 0.05521 0.21528
0 0.16784 0.47731 0.08203 0.14352
0 0.19883 0.56505 0.09453 0.16250
0 0.16979 0.53819 0.08333 0.11713
0 0.54974 0.17731 0.04167 0.16019
0 0.69922 0.12894 0.06094 0.07639
0 0.75938 0.21366 0.07448 0.12917
0 0.75898 0.14236 0.06849 0.06620
0 0.62214 0.62083 0.15052 0.11944
0 0.87604 0.56644 0.04792 0.18472
0 0.85703 0.69676 0.08073 0.09167
0 0.58490 0.81435 0.07083 0.24074
