0 0.70169 0.38333 0.03984 0.17500
0 0.58646 0.78843 0.07760 0.21389
0 0.59206 0.94560 0.07422 0.09306
0 0.83659 0.63287 0.06484 0.21944
0 0.83971 0.54630 0.06484 0.19907
0 0.88997 0.66528 0.03568 0.18796
0 0.88945 0.85972 0.03880 0.21204
0 0.78177 0.29329 0.07865 0.10602
0 0.75065 0.18542 0.05443 0.09491
0 0.74505 0.12477 0.08073 0.08194
0 0.24922 0.09676 0.11094 0.04074
0 0.24779 0.13958 0.13516 0.05231
0 0.22044 0.23009 0.05755 0.13981
0 0.12513 0.71759 0.04922 0.20648
0 0.24089 0.47106 0.11719 0.07083
0 0.20924 0.56667 0.06901 0.16204
0 0.14036 0.50926 0.02292 0.17685
0 0.16641 0.50833 0.02292 0.17870
