0 0.20690 0.22361 0.04349 0.13796
0 0.17956 0.49444 0.10182 0.10926
0 0.17539 0.56782 0.08828 0.08380
0 0.12448 0.88773 0.06146 0.20880
0 0.12865 0.68380 0.04479 0.20093
0 0.17487 0.69606 0.04661 0.22546
0 0.62435 0.09606 0.08516 0.08194
0 0.72852 0.14699 0.06224 0.07731
0 0.82891 0.41644 0.07031 0.17454
0 0.61992 0.47269 0.13359 0.11481
0 0.57122 0.58657 0.04974 0.18333
0 0.60729 0.73866 0.11198 0.14028
0 0.57188 0.89630 0.03854 0.19537
0 0.78893 0.24097 0.06536 0.12176
0 0.77096 0.14907 0.02786 0.06852
