0 0.22096 0.20694 0.05859 0.13426
0 0.21836 0.39375 0.13099 0.08009
0 0.13398 0.50093 0.02943 0.17130
0 0.11680 0.71667 0.04297 0.19352
0 0.15039 0.68588 0.03672 0.24028
0 0.16758 0.50741 0.02734 0.15463
0 0.20573 0.47755 0.09948 0.10972
0 0.26016 0.53125 0.12031 0.08750
0 0.21250 0.58819 0.11719 0.05602
0 0.20729 0.67569 0.11927 0.11898
0 0.58581 0.78657 0.06797 0.21389
0 0.57852 0.94468 0.04714 0.09120
0 0.65703 0.82824 0.11823 0.18981
0 0.83034 0.64491 0.05859 0.21389
0 0.75430 0.12292 0.07214 0.08935
0 0.77917 0.21065 0.07760 0.13796
0 0.86862 0.48009 0.04922 0.16759
0 0.84701 0.54722 0.05026 0.17870
0 0.89049 0.73056 0.04297 0.21759
0 0.88997 0.90949 0.03984 0.11343
