0 0.15690 0.65162 0.06484 0.23287
0 0.24609 0.51782 0.05677 0.16898
0 0.15299 0.48819 0.05443 0.19954
0 0.17747 0.51481 0.08672 0.09537
0 0.22682 0.38773 0.09219 0.11435
0 0.34323 0.11574 0.08438 0.10370
0 0.46107 0.11667 0.05443 0.14074
0 0.21628 0.21296 0.04661 0.13241
0 0.23854 0.17083 0.08854 0.10278
0 0.57448 0.11852 0.09688 0.08611
0 0.65911 0.42500 0.12344 0.17407
0 0.65521 0.35602 0.12865 0.14907
0 0.89570 0.83333 0.05599 0.21389
0 0.83516 0.57153 0.08333 0.20231
0 0.87695 0.64861 0.05599 0.18889
0 0.71719 0.26435 0.08854 0.10093
0 0.72839 0.13449 0.06250 0.09861
0 0.80260 0.23009 0.04063 0.11852
0 0.76875 0.17616 0.05833 0.09213
0 0.77826 0.24190 0.02891 0.13935
