0 0.23581 0.16458 0.09036 0.09398
0 0.78281 0.21944 0.03490 0.12407
0 0.82487 0.43356 0.05286 0.17361
0 0.57018 0.75463 0.04661 0.26759
0 0.28203 0.46412 0.07708 0.19583
0 0.17240 0.44560 0.07969 0.11157
0 0.22513 0.53403 0.09766 0.13843
0 0.22422 0.73032 0.12448 0.10509
0 0.24805 0.62060 0.08047 0.17176
0 0.15117 0.57384 0.06797 0.13194
0 0.12799 0.67269 0.08411 0.14815
0 0.84167 0.77662 0.09323 0.14028
0 0.85951 0.73935 0.08411 0.12870
0 0.85625 0.61991 0.06354 0.14815
0 0.88984 0.71134 0.04844 0.19120
0 0.89974 0.90023 0.04844 0.19583
