0 0.70755 0.52755 0.08854 0.19954
0 0.86016 0.71991 0.04375 0.21481
0 0.90104 0.73125 0.05156 0.20972
0 0.66445 0.69051 0.07318 0.25139
0 0.57318 0.79977 0.05521 0.25324
0 0.68932 0.17176 0.11719 0.09352
0 0.66758 0.09074 0.10391 0.06852
0 0.37109 0.12315 0.07865 0.15000
0 0.26016 0.67824 0.08646 0.22315
0 0.11302 0.89491 0.06458 0.18333
0 0.13737 0.61389 0.04974 0.22500
0 0.19349 0.41875 0.06094 0.16806
0 0.23568 0.30671 0.08333 0.16343
0 0.22682 0.14167 0.05990 0.13981
0 0.14154 0.43981 0.05807 0.13333
