0 0.22031 0.13981 0.05156 0.14444
0 0.22266 0.39606 0.08333 0.11898
0 0.16914 0.43102 0.05443 0.15926
0 0.24232 0.74167 0.05859 0.23241
0 0.27409 0.65741 0.06068 0.21759
0 0.18307 0.54306 0.04323 0.15370
0 0.22370 0.59329 0.04427 0.16991
0 0.16888 0.62917 0.06797 0.14259
0 0.12083 0.66644 0.04010 0.16991
0 0.14818 0.71227 0.03906 0.18102
0 0.11680 0.86065 0.05234 0.21019
0 0.65169 0.15648 0.10391 0.08611
0 0.66302 0.23218 0.08958 0.10972
0 0.84362 0.42523 0.06380 0.19213
0 0.62865 0.48218 0.09062 0.12639
0 0.63893 0.56713 0.09661 0.15741
0 0.73047 0.58079 0.12135 0.10417
0 0.57760 0.90347 0.04219 0.17917
