0 0.29219 0.92662 0.04844 0.14398
0 0.21758 0.20347 0.05964 0.14954
0 0.75625 0.14398 0.06302 0.08981
0 0.64557 0.28356 0.04583 0.18287
0 0.82956 0.41134 0.07161 0.16991
0 0.66667 0.62662 0.13854 0.09769
0 0.83437 0.59074 0.07969 0.09907
0 0.88268 0.72384 0.05182 0.18843
0 0.64609 0.78866 0.05104 0.22639
0 0.85143 0.87569 0.07422 0.18380
0 0.17565 0.33796 0.04245 0.11204
0 0.17005 0.42269 0.07500 0.11667
0 0.17695 0.53056 0.05703 0.19815
0 0.22865 0.47292 0.04896 0.17917
0 0.27044 0.52407 0.05703 0.19444
0 0.24362 0.57593 0.08828 0.15463
