0 0.31992 0.45741 0.11276 0.12037
0 0.22266 0.44190 0.07135 0.17361
0 0.17656 0.41713 0.04635 0.16019
0 0.17396 0.56296 0.09271 0.14444
0 0.13997 0.46574 0.04453 0.14352
0 0.12005 0.86759 0.06250 0.23148
0 0.61823 0.23079 0.04010 0.17917
0 0.62982 0.38333 0.08568 0.18333
0 0.84258 0.39190 0.06328 0.20046
0 0.57331 0.79653 0.03880 0.21157
0 0.84479 0.78125 0.06510 0.20046
0 0.87604 0.69676 0.03750 0.16574
0 0.88828 0.83889 0.04948 0.20463
0 0.70586 0.22315 0.09766 0.13704
0 0.72604 0.20139 0.07812 0.11111
0 0.78932 0.21065 0.03438 0.09444
0 0.75430 0.13125 0.06693 0.07546
0 0.57396 0.95116 0.03385 0.09769
