0 0.41211 0.11921 0.05339 0.11528
0 0.20846 0.19514 0.04609 0.13009
0 0.25534 0.19931 0.06901 0.08565
0 0.14258 0.49907 0.03151 0.14537
0 0.17018 0.48889 0.03880 0.14352
0 0.20312 0.40787 0.09010 0.14907
0 0.28164 0.31528 0.06693 0.18796
0 0.59167 0.78681 0.08385 0.22546
0 0.57591 0.94838 0.03984 0.09120
0 0.83398 0.55463 0.05755 0.21204
0 0.85482 0.49815 0.06380 0.18056
0 0.86497 0.70278 0.06276 0.20648
0 0.89102 0.83588 0.05026 0.26806
0 0.76341 0.14699 0.07109 0.08565
0 0.77344 0.21597 0.08073 0.08565
0 0.63672 0.12870 0.08594 0.13426
0 0.67812 0.12870 0.08490 0.15648
0 0.14505 0.61042 0.11615 0.11528
