0 0.31458 0.17222 0.07240 0.11389
0 0.18477 0.38866 0.05755 0.11898
0 0.57344 0.74931 0.04531 0.25694
0 0.75625 0.13472 0.05417 0.07222
0 0.81341 0.43009 0.06745 0.17315
0 0.57292 0.96088 0.02969 0.07454
0 0.89818 0.90208 0.04115 0.18750
0 0.85638 0.61644 0.06276 0.13472
0 0.85169 0.74444 0.07370 0.14074
0 0.89180 0.70162 0.04193 0.16343
0 0.31198 0.57569 0.08594 0.13472
0 0.14922 0.54097 0.05677 0.11898
0 0.17031 0.48912 0.07031 0.09861
0 0.29349 0.65972 0.08177 0.17315
0 0.23086 0.52755 0.09661 0.12731
0 0.23008 0.60880 0.09661 0.15370
