0 0.14336 0.49167 0.04193 0.16759
0 0.14258 0.64954 0.03359 0.18981
0 0.10534 0.83032 0.03464 0.22731
0 0.18060 0.71319 0.05755 0.23102
0 0.24193 0.78588 0.07969 0.23102
0 0.22578 0.55926 0.08698 0.14352
0 0.21146 0.41690 0.10677 0.10046
0 0.25911 0.48125 0.09531 0.09491
0 0.32188 0.55394 0.10781 0.08750
0 0.57643 0.85532 0.04297 0.26991
0 0.77383 0.56227 0.05443 0.23472
0 0.82930 0.63565 0.03984 0.21019
0 0.85560 0.63935 0.03359 0.19907
0 0.88581 0.63472 0.05234 0.17870
0 0.89049 0.82639 0.05339 0.21204
0 0.66589 0.11921 0.09010 0.12639
0 0.73867 0.13773 0.03464 0.12269
0 0.76953 0.14051 0.02083 0.10602
0 0.79440 0.20278 0.03047 0.17130
