0 0.63776 0.10046 0.08438 0.08796
0 0.67448 0.15440 0.07917 0.10046
0 0.76276 0.14699 0.03177 0.09306
0 0.79427 0.22130 0.04323 0.13148
0 0.77005 0.66042 0.08125 0.17546
0 0.89466 0.72801 0.07109 0.16806
0 0.57760 0.90532 0.04427 0.17917
0 0.21133 0.22662 0.02578 0.10602
0 0.22266 0.11412 0.04010 0.10046
0 0.25091 0.18472 0.06380 0.08056
0 0.17500 0.43241 0.04948 0.15926
0 0.23151 0.56713 0.08646 0.13889
0 0.18763 0.57454 0.05651 0.16481
0 0.13893 0.57222 0.06172 0.13148
0 0.14714 0.71597 0.04115 0.18102
0 0.12135 0.67130 0.03906 0.16111
0 0.11471 0.86250 0.05234 0.21019
0 0.37852 0.98125 0.05755 0.03102
