0 0.14935 0.52037 0.04714 0.16944
0 0.12357 0.70741 0.05026 0.21944
0 0.20365 0.75856 0.12240 0.08009
0 0.23138 0.62176 0.03984 0.19352
0 0.28320 0.59745 0.05755 0.22361
0 0.22917 0.47847 0.11719 0.10417
0 0.22526 0.22153 0.07552 0.09676
0 0.28477 0.15995 0.04401 0.13009
0 0.57435 0.55671 0.06797 0.23102
0 0.58060 0.78403 0.06589 0.22361
0 0.70156 0.79769 0.10677 0.21019
0 0.58906 0.27338 0.08490 0.11898
0 0.73568 0.15532 0.08490 0.08750
0 0.82669 0.63009 0.05755 0.19907
0 0.86029 0.63935 0.03672 0.19537
0 0.87956 0.62917 0.04401 0.18981
0 0.89518 0.79676 0.05026 0.18241
0 0.85130 0.82847 0.09844 0.11157
0 0.89258 0.91667 0.05130 0.14722
