0 0.23672 0.14421 0.11094 0.08380
0 0.20273 0.24398 0.05339 0.13796
0 0.16797 0.36968 0.09115 0.10972
0 0.22396 0.39282 0.11094 0.09676
0 0.12773 0.71667 0.05234 0.21574
0 0.13503 0.51667 0.02943 0.18056
0 0.17435 0.50741 0.03880 0.18796
0 0.20156 0.51204 0.10573 0.14907
0 0.58529 0.78310 0.07109 0.22917
0 0.58216 0.94468 0.04818 0.09491
0 0.79909 0.91690 0.13828 0.08750
0 0.83503 0.63380 0.07005 0.21389
0 0.83763 0.54167 0.06901 0.19352
0 0.84805 0.50139 0.07109 0.20648
0 0.88737 0.83681 0.04922 0.26250
0 0.79076 0.20949 0.02943 0.11713
0 0.74089 0.11366 0.07656 0.05972
0 0.70794 0.15718 0.03568 0.09861
0 0.74753 0.17708 0.05651 0.07454
