0 0.75352 0.13565 0.06901 0.08796
0 0.87240 0.59468 0.05156 0.20139
0 0.57474 0.87870 0.04635 0.23241
0 0.65234 0.38588 0.07604 0.19769
0 0.79375 0.26991 0.03177 0.14444
0 0.73568 0.20486 0.04323 0.12454
0 0.69948 0.35208 0.08229 0.09676
0 0.21354 0.16806 0.04219 0.15000
0 0.17370 0.33079 0.07604 0.17176
0 0.17760 0.41713 0.04635 0.13148
0 0.17174 0.54769 0.06589 0.15556
0 0.22474 0.61019 0.04219 0.22130
0 0.27305 0.63125 0.06693 0.20139
0 0.29479 0.81505 0.07917 0.19954
0 0.16706 0.63194 0.05859 0.16296
0 0.11979 0.66319 0.03385 0.18843
0 0.14766 0.71690 0.03385 0.18657
0 0.11523 0.85880 0.05547 0.21759
