0 0.11745 0.84537 0.04948 0.22963
0 0.13516 0.55995 0.06719 0.17546
0 0.24401 0.58218 0.12448 0.12083
0 0.37044 0.53148 0.12682 0.12500
0 0.31068 0.42986 0.08906 0.08102
0 0.22930 0.51782 0.12214 0.10602
0 0.20690 0.25417 0.04193 0.12593
0 0.23854 0.16620 0.09688 0.09537
0 0.71146 0.14931 0.04375 0.09676
0 0.79570 0.22199 0.04141 0.12917
0 0.58086 0.65301 0.07318 0.25417
0 0.85677 0.48843 0.05833 0.15648
0 0.65326 0.84676 0.05495 0.27500
0 0.67057 0.48542 0.10260 0.21528
0 0.78138 0.79236 0.06328 0.23935
0 0.74622 0.45602 0.08151 0.14815
0 0.73529 0.62338 0.04557 0.22454
0 0.82044 0.62847 0.05182 0.20972
0 0.86458 0.66065 0.03958 0.18796
0 0.88945 0.67269 0.03724 0.18056
