0 0.68333 0.78356 0.06771 0.24583
0 0.74154 0.78750 0.05755 0.23148
0 0.83984 0.55972 0.04635 0.18241
0 0.85143 0.50185 0.05807 0.16019
0 0.86341 0.69514 0.06120 0.18472
0 0.89388 0.84954 0.05078 0.24352
0 0.57891 0.79190 0.06771 0.21343
0 0.57760 0.94699 0.04635 0.09213
0 0.77500 0.17801 0.04323 0.10880
0 0.74128 0.13796 0.05443 0.10000
0 0.24036 0.14074 0.08646 0.07685
0 0.21341 0.38148 0.10130 0.13333
0 0.22786 0.50000 0.09635 0.12778
0 0.20026 0.62731 0.07500 0.16481
0 0.13945 0.50278 0.05495 0.16481
0 0.17122 0.50810 0.03568 0.13472
0 0.17617 0.59514 0.06953 0.11343
