0 0.21810 0.23079 0.04609 0.11713
0 0.23451 0.17801 0.06276 0.09954
0 0.12500 0.68171 0.04219 0.20324
0 0.15924 0.49259 0.06016 0.18333
0 0.20586 0.59745 0.07214 0.22083
0 0.18581 0.54120 0.07943 0.18333
0 0.76432 0.17616 0.07448 0.10694
0 0.82852 0.41597 0.06849 0.17546
0 0.65964 0.51343 0.10990 0.17130
0 0.86875 0.68657 0.06458 0.17778
0 0.89779 0.82500 0.07891 0.14259
0 0.57930 0.90694 0.04609 0.18333
0 0.56966 0.70069 0.04922 0.26528
0 0.60820 0.59815 0.05026 0.22222
0 0.15039 0.69977 0.03984 0.18009
