0 0.57083 0.79676 0.04115 0.24352
0 0.57982 0.46065 0.07005 0.15278
0 0.65833 0.24282 0.07917 0.13657
0 0.70703 0.16782 0.03958 0.15139
0 0.75990 0.15231 0.05104 0.11759
0 0.79987 0.24352 0.04714 0.13519
0 0.85612 0.73218 0.05026 0.19491
0 0.87799 0.65810 0.06328 0.21250
0 0.89271 0.86991 0.09427 0.13519
0 0.26172 0.41273 0.09583 0.16250
0 0.29219 0.55417 0.07917 0.15278
0 0.24857 0.66227 0.09505 0.13657
0 0.20352 0.55926 0.09349 0.07963
0 0.21198 0.49606 0.09062 0.07454
0 0.15794 0.48310 0.03724 0.18657
0 0.13620 0.52546 0.03490 0.19352
0 0.10586 0.85185 0.05182 0.22870
