0 0.41940 0.12083 0.08672 0.08611
0 0.67096 0.11412 0.08151 0.10046
0 0.76367 0.15741 0.03932 0.10185
0 0.19987 0.23866 0.05026 0.13380
0 0.16562 0.57106 0.08958 0.14306
0 0.26549 0.48287 0.09036 0.19259
0 0.22904 0.57546 0.06797 0.19907
0 0.59401 0.92569 0.07604 0.14491
0 0.83958 0.55162 0.06615 0.13843
0 0.22565 0.22940 0.05026 0.13380
0 0.14232 0.58657 0.05911 0.19259
0 0.85417 0.63125 0.06094 0.15139
0 0.56901 0.97569 0.02240 0.04769
0 0.85286 0.77963 0.07969 0.14630
0 0.88841 0.71875 0.04922 0.19583
