0 0.75026 0.76227 0.05729 0.28472
0 0.65794 0.39167 0.07318 0.20648
0 0.85104 0.55579 0.03698 0.23194
0 0.86497 0.72731 0.03568 0.22500
0 0.89375 0.73380 0.03281 0.23148
0 0.55937 0.78056 0.05521 0.24167
0 0.59648 0.89861 0.04974 0.18148
0 0.42331 0.19583 0.10964 0.13519
0 0.69023 0.18449 0.10755 0.10139
0 0.68594 0.25903 0.10312 0.11157
0 0.80898 0.34468 0.06745 0.15324
0 0.17357 0.43704 0.10755 0.10648
0 0.16029 0.54722 0.06745 0.14167
0 0.13125 0.60648 0.04115 0.20000
0 0.18646 0.79560 0.06667 0.21806
0 0.13229 0.79005 0.06198 0.19676
