0 0.21107 0.20093 0.05339 0.16389
0 0.23880 0.44954 0.07552 0.19537
0 0.16237 0.39560 0.03359 0.11343
0 0.13984 0.51204 0.02396 0.16389
0 0.17695 0.49028 0.05443 0.21759
0 0.11471 0.71968 0.03047 0.24769
0 0.09883 0.92894 0.04922 0.12639
0 0.13815 0.74653 0.03984 0.23843
0 0.57708 0.26227 0.09219 0.10046
0 0.76758 0.17870 0.06484 0.13796
0 0.79753 0.21227 0.03464 0.13009
0 0.58060 0.77245 0.05755 0.23102
0 0.65247 0.84606 0.13203 0.13194
0 0.59414 0.93912 0.06589 0.09861
0 0.84076 0.64676 0.06484 0.22130
0 0.87852 0.64306 0.04609 0.20648
0 0.89102 0.85417 0.03776 0.21204
