0 0.23880 0.14144 0.10260 0.08565
0 0.19440 0.22546 0.03255 0.17130
0 0.22396 0.34144 0.11927 0.06898
0 0.13724 0.51019 0.02292 0.18241
0 0.12253 0.71111 0.05026 0.20833
0 0.16341 0.49907 0.03568 0.17500
0 0.20156 0.51366 0.10365 0.13009
0 0.21667 0.41690 0.11094 0.07824
0 0.58633 0.78102 0.07318 0.22130
0 0.58737 0.94468 0.06276 0.09861
0 0.81211 0.91574 0.05755 0.15278
0 0.87122 0.96042 0.03984 0.05602
0 0.88945 0.81644 0.05130 0.23657
0 0.83919 0.62940 0.05547 0.22731
0 0.83971 0.53333 0.04609 0.19907
0 0.86602 0.50370 0.04401 0.16574
0 0.78893 0.24005 0.02839 0.10787
0 0.71536 0.12477 0.07552 0.11157
0 0.77331 0.12292 0.05964 0.08565
0 0.76914 0.17708 0.05130 0.06713
