0 0.15039 0.51389 0.03672 0.18611
0 0.17852 0.54167 0.04089 0.18611
0 0.11680 0.71944 0.02630 0.21759
0 0.15664 0.71481 0.04922 0.19722
0 0.25391 0.58634 0.11198 0.11157
0 0.31523 0.62894 0.12786 0.11898
0 0.09883 0.89722 0.05547 0.19722
0 0.29896 0.12106 0.07865 0.09676
0 0.35352 0.11852 0.02630 0.14722
0 0.39258 0.11644 0.07109 0.11713
0 0.75859 0.17199 0.07656 0.10972
0 0.58633 0.77894 0.07318 0.22546
0 0.61628 0.93819 0.06797 0.11528
0 0.76185 0.88519 0.05339 0.20648
0 0.89831 0.93449 0.05443 0.11898
0 0.87956 0.58171 0.06068 0.12454
0 0.82669 0.63287 0.05964 0.21204
0 0.86393 0.65694 0.04193 0.17500
0 0.89206 0.79398 0.05443 0.18796
