0 0.18438 0.27384 0.04896 0.15972
0 0.22409 0.21042 0.04661 0.11250
0 0.11536 0.84005 0.05365 0.24028
0 0.27148 0.41134 0.06849 0.20139
0 0.17357 0.55810 0.10391 0.12176
0 0.23789 0.42106 0.05911 0.19954
0 0.14805 0.51157 0.04714 0.18796
0 0.40924 0.95255 0.07370 0.08935
0 0.63919 0.25648 0.11641 0.11019
0 0.77643 0.19444 0.05911 0.12685
0 0.57227 0.64421 0.05599 0.26435
0 0.56875 0.88611 0.04427 0.22130
0 0.72708 0.35486 0.04896 0.17639
0 0.78307 0.88194 0.06667 0.22963
0 0.71068 0.48912 0.08854 0.17639
0 0.90599 0.86968 0.04792 0.18380
0 0.79883 0.56597 0.05443 0.22546
0 0.82839 0.62870 0.04427 0.21204
0 0.85299 0.63287 0.03776 0.19537
0 0.88255 0.66366 0.04948 0.20231
