0 0.24362 0.14444 0.09089 0.10000
0 0.17904 0.30903 0.05182 0.15324
0 0.14688 0.57083 0.05365 0.15185
0 0.18581 0.43125 0.06641 0.16250
0 0.21706 0.42037 0.06432 0.16389
0 0.21875 0.56296 0.08750 0.22037
0 0.27005 0.55046 0.07083 0.23333
0 0.25508 0.80579 0.07891 0.22731
0 0.67266 0.20208 0.05365 0.14491
0 0.74727 0.12963 0.06224 0.08241
0 0.77122 0.19282 0.05964 0.11435
0 0.80859 0.26806 0.04167 0.11667
0 0.82734 0.41366 0.06823 0.17454
0 0.85469 0.55093 0.06094 0.17315
0 0.73268 0.85833 0.07682 0.23333
0 0.81667 0.91852 0.09479 0.08241
0 0.89036 0.89329 0.08021 0.13657
0 0.88372 0.72060 0.04974 0.19583
