0 0.57122 0.81458 0.03880 0.26250
0 0.85456 0.71759 0.04557 0.19630
0 0.88841 0.73287 0.03568 0.19630
0 0.11641 0.85370 0.05625 0.21111
0 0.23737 0.66644 0.04714 0.20139
0 0.23333 0.42083 0.08438 0.14074
0 0.28685 0.52639 0.09141 0.13796
0 0.70104 0.16898 0.06094 0.16759
0 0.80937 0.24838 0.06458 0.16898
0 0.76146 0.19815 0.03438 0.09074
0 0.75990 0.14329 0.04948 0.05972
0 0.14648 0.50995 0.03880 0.13009
0 0.15573 0.61898 0.11042 0.09074
0 0.19453 0.54745 0.09219 0.07454
0 0.15443 0.90509 0.08229 0.17315
