0 0.26198 0.16250 0.06406 0.13056
0 0.19909 0.23750 0.05026 0.13056
0 0.22201 0.35463 0.04974 0.18796
0 0.12174 0.88472 0.05964 0.20093
0 0.15951 0.69398 0.05651 0.21204
0 0.13073 0.68148 0.04531 0.19444
0 0.17721 0.49144 0.10078 0.11250
0 0.17435 0.56852 0.08151 0.08056
0 0.56445 0.27130 0.06589 0.17778
0 0.56940 0.65185 0.06224 0.26944
0 0.61055 0.93056 0.08516 0.12685
0 0.80586 0.55185 0.05286 0.22407
0 0.88073 0.61227 0.07344 0.16806
0 0.82982 0.41528 0.06849 0.17685
0 0.79115 0.27755 0.04219 0.13935
0 0.73216 0.13704 0.05964 0.09722
0 0.76823 0.15880 0.03594 0.09630
