0 0.57122 0.70208 0.04922 0.27824
0 0.55729 0.48681 0.03490 0.18843
0 0.67786 0.32315 0.09427 0.15556
0 0.62305 0.15185 0.08568 0.11852
0 0.70742 0.21343 0.09974 0.13148
0 0.76810 0.16644 0.03464 0.12176
0 0.75039 0.15625 0.02526 0.10880
0 0.72995 0.14537 0.03021 0.10370
0 0.44401 0.84977 0.07396 0.25602
0 0.12292 0.82917 0.05885 0.19722
0 0.12656 0.65370 0.05781 0.16944
0 0.13672 0.72106 0.06042 0.17454
0 0.16302 0.74653 0.06563 0.20139
0 0.28594 0.57593 0.07865 0.21852
0 0.23477 0.59653 0.06380 0.18657
0 0.38828 0.76759 0.09219 0.20833
0 0.34492 0.84213 0.15286 0.11389
0 0.29453 0.75972 0.15313 0.10000
0 0.19857 0.59838 0.05078 0.19954
0 0.15859 0.58125 0.04635 0.11620
