0 0.66771 0.40324 0.05000 0.18796
0 0.72227 0.26574 0.07266 0.13148
0 0.75065 0.16019 0.03203 0.08241
0 0.81536 0.28981 0.05260 0.15000
0 0.83008 0.55069 0.05807 0.16898
0 0.85612 0.50625 0.07005 0.18009
0 0.86172 0.69375 0.03750 0.19028
0 0.89076 0.85810 0.04557 0.23009
0 0.58542 0.79468 0.07187 0.21898
0 0.57526 0.94444 0.04688 0.09352
0 0.24518 0.46088 0.11380 0.09213
0 0.22630 0.21921 0.07187 0.07546
0 0.23672 0.12384 0.08646 0.09676
0 0.20703 0.39282 0.09375 0.11343
0 0.23073 0.58912 0.09375 0.19028
0 0.17201 0.55208 0.03880 0.21157
0 0.14362 0.51065 0.02943 0.18704
