0 0.75964 0.15856 0.05104 0.09398
0 0.78151 0.41227 0.04844 0.18472
0 0.57070 0.74954 0.04036 0.26111
0 0.75820 0.83611 0.12526 0.13519
0 0.85677 0.62731 0.06094 0.15926
0 0.89883 0.90324 0.04297 0.19259
0 0.85938 0.75139 0.08594 0.13056
0 0.88906 0.71042 0.05365 0.18287
0 0.21120 0.21944 0.03229 0.11759
0 0.15612 0.59838 0.04557 0.15602
0 0.15951 0.43218 0.04661 0.15417
0 0.17917 0.49606 0.03229 0.12269
0 0.23763 0.58032 0.11380 0.13843
0 0.24128 0.44306 0.09766 0.08426
0 0.22578 0.51227 0.12187 0.12083
