0 0.22656 0.15741 0.03802 0.13148
0 0.27383 0.72292 0.07266 0.21898
0 0.11628 0.88935 0.04974 0.21667
0 0.12500 0.68310 0.05469 0.21898
0 0.19948 0.57523 0.09323 0.14028
0 0.16992 0.47292 0.08516 0.15046
0 0.16940 0.53727 0.08151 0.11065
0 0.25260 0.92338 0.06146 0.14120
0 0.60182 0.41181 0.07760 0.18102
0 0.57786 0.68727 0.06458 0.26528
0 0.57891 0.89375 0.05156 0.20972
0 0.87279 0.70972 0.05026 0.17778
0 0.84844 0.58125 0.08333 0.11065
0 0.76992 0.20162 0.03724 0.11620
0 0.72969 0.12755 0.05208 0.07639
0 0.75885 0.15394 0.05729 0.09398
