0 0.74883 0.33750 0.10078 0.10000
0 0.77682 0.17593 0.04844 0.14907
0 0.81953 0.31042 0.04844 0.12361
0 0.83698 0.69745 0.04479 0.20787
0 0.86445 0.68912 0.03516 0.15046
0 0.89258 0.71991 0.02474 0.18796
0 0.86888 0.82639 0.05911 0.15741
0 0.57812 0.71296 0.08854 0.23519
0 0.56458 0.83704 0.05417 0.22315
0 0.60378 0.90926 0.04661 0.12685
0 0.26393 0.46435 0.05807 0.15741
0 0.21250 0.37222 0.04844 0.11481
0 0.15365 0.39745 0.05052 0.17917
0 0.20521 0.46852 0.09427 0.05741
0 0.19948 0.51065 0.08854 0.03704
0 0.20924 0.55741 0.10651 0.07963
0 0.13854 0.61134 0.04271 0.20787
