0 0.11471 0.84398 0.04661 0.22685
0 0.27826 0.62153 0.05495 0.19398
0 0.18112 0.26806 0.06016 0.15833
0 0.42109 0.26481 0.06667 0.15833
0 0.14831 0.50486 0.05130 0.15972
0 0.17383 0.60231 0.11641 0.11111
0 0.23034 0.48565 0.09453 0.15648
0 0.66107 0.12963 0.10026 0.10185
0 0.57708 0.66481 0.06563 0.26574
0 0.84102 0.37801 0.05182 0.18472
0 0.75026 0.13519 0.05677 0.07130
0 0.76680 0.17292 0.07318 0.10694
0 0.82487 0.63449 0.05130 0.20694
0 0.57604 0.87060 0.04479 0.23194
0 0.62669 0.93148 0.05026 0.12500
0 0.85482 0.63472 0.03672 0.20556
0 0.88424 0.65394 0.05182 0.19120
0 0.88281 0.82130 0.05365 0.20463
0 0.86211 0.92940 0.05130 0.13102
