0 0.57214 0.75556 0.04583 0.24722
0 0.57292 0.95810 0.02969 0.08287
0 0.76107 0.15648 0.03984 0.08519
0 0.82409 0.42407 0.07370 0.16574
0 0.85586 0.61667 0.06016 0.13333
0 0.85625 0.75069 0.08438 0.14676
0 0.88893 0.71157 0.04401 0.18148
0 0.89831 0.90278 0.04401 0.19352
0 0.21576 0.17361 0.03307 0.14537
0 0.24948 0.21713 0.03385 0.15278
0 0.19531 0.30787 0.06615 0.08519
0 0.27878 0.43681 0.11016 0.10694
0 0.17201 0.41620 0.07370 0.12870
0 0.16523 0.54005 0.08047 0.13565
0 0.22018 0.51343 0.08776 0.08056
0 0.26562 0.61574 0.06615 0.26296
