0 0.31094 0.13866 0.10156 0.09583
0 0.48398 0.18056 0.03359 0.14167
0 0.45977 0.32824 0.07839 0.14259
0 0.21198 0.64306 0.09635 0.13981
0 0.15495 0.47083 0.07344 0.13981
0 0.13542 0.67639 0.06458 0.19815
0 0.13633 0.71551 0.06068 0.17269
0 0.20039 0.52755 0.10703 0.10046
0 0.90065 0.91389 0.04193 0.16759
0 0.55612 0.49699 0.03151 0.20417
0 0.58411 0.41690 0.05156 0.21806
0 0.62578 0.14051 0.04375 0.12546
0 0.79766 0.22662 0.05312 0.12454
0 0.73125 0.12245 0.05729 0.06991
0 0.76107 0.16111 0.05651 0.07685
