0 0.20000 0.23519 0.04219 0.11759
0 0.55495 0.50069 0.03021 0.21620
0 0.66055 0.24861 0.07630 0.10833
0 0.90625 0.86227 0.04948 0.21157
0 0.68255 0.32963 0.09688 0.06111
0 0.65755 0.39722 0.12448 0.11389
0 0.75456 0.13310 0.06380 0.08194
0 0.77174 0.19861 0.07943 0.09630
0 0.82305 0.30463 0.05026 0.14352
0 0.23411 0.59491 0.06771 0.18981
0 0.19518 0.59560 0.05599 0.18565
0 0.15977 0.60486 0.04349 0.13935
0 0.20430 0.81273 0.09661 0.18380
0 0.12057 0.65625 0.04531 0.16713
0 0.11042 0.83588 0.03646 0.19676
0 0.16510 0.94468 0.10208 0.10787
