0 0.57240 0.82222 0.04115 0.26944
0 0.67266 0.13056 0.06094 0.16389
0 0.84622 0.58310 0.06536 0.19491
0 0.89427 0.74745 0.03490 0.20417
0 0.86536 0.72361 0.04271 0.20278
0 0.80260 0.19491 0.04948 0.13241
0 0.76120 0.14815 0.04271 0.11759
0 0.31732 0.41042 0.10651 0.16620
0 0.28815 0.53264 0.09974 0.14769
0 0.18997 0.67940 0.11797 0.16528
0 0.21719 0.46597 0.10885 0.07176
0 0.18385 0.55880 0.08438 0.07593
0 0.19818 0.52963 0.08750 0.07963
0 0.13659 0.51597 0.04349 0.17176
0 0.10833 0.86574 0.04792 0.21389
0 0.18789 0.90093 0.12786 0.10000
