0 0.14648 0.50370 0.04818 0.17685
0 0.12148 0.69167 0.03984 0.21019
0 0.16693 0.80046 0.09115 0.16019
0 0.20417 0.59097 0.10052 0.10231
0 0.26589 0.51273 0.11927 0.09861
0 0.21367 0.69722 0.06484 0.20278
0 0.27852 0.61528 0.07318 0.20278
0 0.57591 0.86551 0.05026 0.24954
0 0.62578 0.82662 0.09115 0.23472
0 0.59688 0.37778 0.09010 0.15648
0 0.64648 0.28657 0.05339 0.17130
0 0.71823 0.53773 0.11927 0.11898
0 0.82513 0.63657 0.06068 0.20093
0 0.86706 0.67269 0.03359 0.19167
0 0.88372 0.64583 0.05234 0.18241
0 0.88789 0.82569 0.03984 0.22917
