0 0.22253 0.19861 0.05807 0.11481
0 0.74935 0.76597 0.13464 0.11250
0 0.84870 0.50856 0.07135 0.22269
0 0.86953 0.70417 0.05937 0.18241
0 0.89258 0.85162 0.03932 0.22824
0 0.73372 0.25880 0.03307 0.13704
0 0.77995 0.21042 0.03073 0.10231
0 0.74401 0.12917 0.07760 0.11111
0 0.58802 0.79329 0.06823 0.22269
0 0.57891 0.94190 0.04375 0.07917
0 0.28945 0.50509 0.06693 0.22037
0 0.22331 0.47454 0.09453 0.07685
0 0.22409 0.59144 0.05391 0.17917
0 0.16172 0.46273 0.04063 0.13565
0 0.14310 0.51505 0.03203 0.09769
0 0.16042 0.59745 0.09323 0.10231
