0 0.14466 0.51574 0.03776 0.17870
0 0.11003 0.84583 0.05443 0.21389
0 0.26237 0.61042 0.12682 0.09306
0 0.31406 0.55301 0.11510 0.10417
0 0.24349 0.48889 0.09323 0.13981
0 0.19583 0.45995 0.09635 0.10417
0 0.22617 0.34907 0.05651 0.13611
0 0.55768 0.14352 0.05339 0.17500
0 0.66185 0.14352 0.06484 0.17130
0 0.73294 0.15278 0.04401 0.16019
0 0.80013 0.20648 0.03568 0.16389
0 0.58008 0.86088 0.05651 0.26620
0 0.82930 0.63495 0.04401 0.23102
0 0.85872 0.64306 0.03568 0.18426
0 0.88685 0.64398 0.04609 0.17500
0 0.89102 0.81343 0.04818 0.20833
0 0.90742 0.94745 0.05339 0.09676
