0 0.57044 0.79074 0.04089 0.23519
0 0.83203 0.69468 0.04844 0.22176
0 0.86484 0.72569 0.02865 0.18287
0 0.89349 0.73079 0.03802 0.19306
0 0.82682 0.35347 0.07031 0.15231
0 0.69544 0.18356 0.07422 0.10324
0 0.79115 0.21829 0.02760 0.10509
0 0.68021 0.13310 0.09323 0.09306
0 0.76406 0.15000 0.03802 0.10000
0 0.26419 0.47431 0.11328 0.07269
0 0.28060 0.55995 0.09505 0.14213
0 0.20078 0.50833 0.06667 0.14722
0 0.23880 0.62593 0.08385 0.11481
0 0.15690 0.51157 0.04557 0.11667
0 0.12943 0.60231 0.02865 0.19630
0 0.15026 0.61157 0.03229 0.18796
0 0.20182 0.69421 0.08750 0.13009
0 0.13047 0.89213 0.06667 0.17778
