0 0.62917 0.19954 0.04844 0.15741
0 0.76237 0.16736 0.05547 0.11157
0 0.74896 0.26991 0.08438 0.08981
0 0.85755 0.60926 0.07500 0.14630
0 0.89596 0.77662 0.05755 0.18472
0 0.59167 0.74329 0.08854 0.25046
0 0.58021 0.91481 0.04948 0.16481
0 0.67852 0.90926 0.13880 0.08056
0 0.22266 0.12593 0.04427 0.13889
0 0.19661 0.23958 0.04323 0.12454
0 0.31549 0.63935 0.06901 0.21759
0 0.27201 0.64769 0.05651 0.22315
0 0.22422 0.60880 0.05156 0.21204
0 0.17708 0.42176 0.04740 0.15926
0 0.17383 0.55972 0.06797 0.13148
0 0.16523 0.62269 0.06276 0.14815
0 0.11719 0.66319 0.03490 0.18102
0 0.14557 0.71412 0.03594 0.17731
0 0.11680 0.86250 0.05443 0.21759
