0 0.29688 0.49583 0.10573 0.11019
0 0.22448 0.61505 0.07500 0.19120
0 0.28724 0.22847 0.03385 0.15694
0 0.23125 0.16065 0.08073 0.09907
0 0.18737 0.44444 0.05078 0.17222
0 0.13424 0.54907 0.04453 0.20370
0 0.11602 0.86644 0.06068 0.22917
0 0.57279 0.37569 0.07943 0.17917
0 0.65716 0.15255 0.07891 0.14028
0 0.73021 0.30301 0.09271 0.14583
0 0.72396 0.20532 0.09896 0.10324
0 0.82253 0.29560 0.04818 0.19028
0 0.78529 0.20394 0.03255 0.09213
0 0.75664 0.14468 0.05755 0.07361
0 0.86445 0.70185 0.06068 0.18241
0 0.89935 0.84653 0.05130 0.21343
0 0.57253 0.79468 0.04245 0.20787
