0 0.23620 0.15023 0.08333 0.10231
0 0.21263 0.38958 0.11380 0.08472
0 0.23542 0.48912 0.09010 0.10787
0 0.26445 0.58866 0.08828 0.09583
0 0.31185 0.77523 0.04818 0.27361
0 0.17370 0.57176 0.08438 0.13148
0 0.14141 0.50880 0.03750 0.15370
0 0.17135 0.49676 0.03750 0.12778
0 0.76784 0.48102 0.08880 0.13889
0 0.77201 0.17176 0.07318 0.11667
0 0.82878 0.54352 0.05078 0.17685
0 0.85482 0.49375 0.05391 0.18472
0 0.86237 0.70231 0.03932 0.18796
0 0.88620 0.83889 0.05625 0.18704
0 0.71497 0.94954 0.06693 0.08796
0 0.58268 0.79329 0.06380 0.21343
0 0.57695 0.94074 0.04141 0.09907
