0 0.57656 0.25741 0.03438 0.17407
0 0.65794 0.21991 0.04401 0.15370
0 0.76250 0.14282 0.07083 0.09861
0 0.82630 0.42801 0.07292 0.18380
0 0.85664 0.62315 0.05807 0.14074
0 0.84531 0.76042 0.07292 0.16343
0 0.87773 0.76343 0.04193 0.16944
0 0.89167 0.70810 0.04531 0.17176
0 0.36953 0.31829 0.09323 0.15139
0 0.22565 0.12477 0.05547 0.11991
0 0.23112 0.19514 0.07578 0.09028
0 0.15404 0.45880 0.04193 0.14907
0 0.19023 0.47963 0.06953 0.17407
0 0.22630 0.55208 0.11094 0.10231
0 0.23724 0.63079 0.11094 0.12731
0 0.14753 0.61389 0.05339 0.17037
