0 0.13659 0.55347 0.05599 0.15231
0 0.22826 0.52106 0.08568 0.20046
0 0.19362 0.43495 0.08984 0.09769
0 0.39076 0.22523 0.10026 0.15417
0 0.24479 0.36528 0.07969 0.16574
0 0.28268 0.27986 0.10859 0.09769
0 0.21810 0.19884 0.05495 0.13935
0 0.45768 0.10347 0.09141 0.08287
0 0.39622 0.11042 0.06849 0.11343
0 0.33125 0.12940 0.03906 0.16250
0 0.24583 0.14931 0.05365 0.09676
0 0.30326 0.11667 0.07266 0.14907
0 0.87969 0.65579 0.05677 0.20139
0 0.58997 0.83056 0.07370 0.25278
0 0.65247 0.86782 0.05599 0.23102
0 0.70391 0.24514 0.09271 0.14583
0 0.77539 0.23449 0.09036 0.11250
0 0.66784 0.10463 0.08672 0.08519
0 0.72852 0.15255 0.04609 0.10787
0 0.75820 0.13403 0.05599 0.08102
