0 0.40117 0.01019 0.02057 0.01667
0 0.55599 0.00926 0.04844 0.01481
0 0.39036 0.04190 0.03385 0.03287
0 0.39857 0.07153 0.06693 0.05509
0 0.44857 0.08588 0.02891 0.10602
0 0.49635 0.09074 0.05052 0.08611
0 0.50833 0.10417 0.09271 0.07685
0 0.39961 0.10231 0.05859 0.05833
0 0.35352 0.11250 0.02370 0.08611
0 0.37982 0.13241 0.03099 0.07870
0 0.34115 0.19653 0.05052 0.11157
0 0.31341 0.33310 0.06693 0.11713
0 0.32865 0.46019 0.08542 0.23241
0 0.69753 0.45000 0.10286 0.23056
0 0.73711 0.66736 0.14922 0.16806
