0 0.46849 0.71852 0.20208 0.23796
0 0.29375 0.85741 0.20938 0.14167
0 0.52148 0.90255 0.21745 0.11898
0 0.70378 0.83125 0.20599 0.15602
0 0.72904 0.64537 0.15130 0.16204
0 0.70820 0.54769 0.15807 0.14907
0 0.67969 0.43796 0.12708 0.12130
0 0.66615 0.36690 0.12031 0.06620
0 0.66589 0.22523 0.05469 0.12361
0 0.29010 0.32593 0.06146 0.15741
0 0.32982 0.23796 0.05547 0.11296
0 0.35000 0.14653 0.03906 0.09120
0 0.60065 0.15532 0.08255 0.08287
0 0.64180 0.14444 0.04453 0.07222
0 0.61107 0.10880 0.06016 0.03704
0 0.59544 0.05972 0.05599 0.06389
