0 0.29414 0.86829 0.21016 0.11991
0 0.52292 0.89907 0.21354 0.12593
0 0.69948 0.83009 0.21406 0.15833
0 0.66589 0.22106 0.05469 0.13194
0 0.35208 0.14398 0.04323 0.10093
0 0.59766 0.05972 0.05208 0.06389
0 0.21276 0.63449 0.09740 0.28843
0 0.61172 0.10324 0.06146 0.02870
0 0.31029 0.26273 0.04870 0.14306
0 0.44701 0.32431 0.14661 0.14676
0 0.55143 0.46667 0.06484 0.24167
0 0.62018 0.39630 0.10130 0.16574
0 0.68841 0.42106 0.09193 0.14306
0 0.72513 0.61042 0.14870 0.22824
0 0.54857 0.11574 0.04453 0.12130
0 0.60065 0.15255 0.06901 0.07917
0 0.64023 0.14190 0.04401 0.06713
