0 0.29414 0.86829 0.21016 0.11991
0 0.52122 0.89907 0.21016 0.12593
0 0.70169 0.84491 0.21016 0.13333
0 0.60299 0.05648 0.04661 0.06944
0 0.61172 0.10324 0.06146 0.02870
0 0.64128 0.15278 0.04193 0.09630
0 0.60234 0.15741 0.08438 0.08148
0 0.71484 0.54398 0.14583 0.18241
0 0.43451 0.02963 0.02578 0.05648
0 0.46120 0.65810 0.15469 0.28843
0 0.38854 0.32778 0.10000 0.19444
0 0.41888 0.19398 0.04870 0.16204
0 0.64062 0.36690 0.06354 0.17917
0 0.68789 0.47569 0.11901 0.16806
0 0.72669 0.70579 0.14401 0.14769
