0 0.40469 0.12361 0.07083 0.12500
0 0.29870 0.36088 0.08021 0.16250
0 0.36641 0.24560 0.04323 0.14491
0 0.21328 0.69931 0.08281 0.25231
0 0.26263 0.71366 0.11016 0.26991
0 0.41849 0.78773 0.18438 0.27361
0 0.27813 0.87708 0.20885 0.12269
0 0.56263 0.03681 0.02578 0.07083
0 0.60143 0.05833 0.04766 0.06944
0 0.61185 0.16435 0.07630 0.10741
0 0.64154 0.15370 0.04974 0.09537
0 0.68255 0.40856 0.09479 0.14028
0 0.69505 0.48935 0.10885 0.18611
0 0.71406 0.58889 0.13385 0.10278
0 0.72396 0.70000 0.16302 0.18148
0 0.70417 0.87060 0.22552 0.14954
