0 0.32161 0.24583 0.05417 0.12130
0 0.35104 0.14606 0.04531 0.09028
0 0.27708 0.62639 0.18646 0.10926
0 0.25273 0.73171 0.17422 0.13472
0 0.28516 0.87616 0.18906 0.10694
0 0.52187 0.90278 0.21823 0.12130
0 0.70182 0.83704 0.21563 0.15370
0 0.72695 0.65903 0.14870 0.15972
0 0.71771 0.52639 0.09740 0.10833
0 0.68385 0.49005 0.11354 0.16806
0 0.66875 0.39722 0.10938 0.11667
0 0.66589 0.22292 0.05208 0.13565
0 0.60065 0.15741 0.08255 0.08889
0 0.63971 0.13773 0.03776 0.06620
0 0.60898 0.10926 0.06276 0.03611
0 0.60508 0.06019 0.04245 0.06019
