0 0.56068 0.02407 0.03802 0.04815
0 0.67943 0.24815 0.05312 0.15000
0 0.50443 0.11921 0.09219 0.05694
0 0.43294 0.07731 0.07734 0.09444
0 0.37070 0.08472 0.03516 0.07315
0 0.39427 0.08356 0.04219 0.08194
0 0.36263 0.59213 0.15755 0.24259
0 0.20716 0.67431 0.05911 0.23194
0 0.25221 0.61991 0.06328 0.31574
0 0.28932 0.79167 0.19948 0.17130
0 0.31380 0.89097 0.21458 0.13750
0 0.63229 0.87801 0.24375 0.15139
0 0.74531 0.76875 0.12448 0.27824
0 0.67188 0.36829 0.12031 0.08750
0 0.68359 0.43611 0.13542 0.09815
0 0.70117 0.49931 0.15234 0.08565
0 0.70768 0.61898 0.16745 0.19630
