0 0.25065 0.57662 0.14193 0.23565
0 0.49492 0.41875 0.05339 0.25602
0 0.57812 0.48056 0.05885 0.30278
0 0.67135 0.42407 0.12500 0.15370
0 0.70365 0.60347 0.14792 0.15509
0 0.72331 0.67847 0.14401 0.15139
0 0.28828 0.87986 0.20208 0.11898
0 0.52266 0.90370 0.21146 0.11389
0 0.32422 0.22384 0.06354 0.13102
0 0.35339 0.14329 0.04323 0.08750
0 0.66719 0.22894 0.04792 0.13102
0 0.60404 0.15671 0.08776 0.08750
0 0.64258 0.14167 0.04453 0.07222
0 0.61016 0.10856 0.05937 0.03472
0 0.59297 0.05949 0.03438 0.07083
