0 0.29414 0.86829 0.21016 0.11991
0 0.52292 0.90255 0.21354 0.11898
0 0.70169 0.83009 0.21016 0.15833
0 0.66589 0.22708 0.05469 0.11991
0 0.35208 0.14120 0.04323 0.08056
0 0.59544 0.05972 0.05599 0.06389
0 0.73008 0.63171 0.14245 0.20880
0 0.37904 0.24606 0.11224 0.13194
0 0.20794 0.71088 0.13776 0.22083
0 0.37435 0.72662 0.10130 0.32176
0 0.70885 0.52338 0.15260 0.16713
0 0.68268 0.43356 0.13047 0.11991
0 0.66953 0.38843 0.12969 0.12130
0 0.61797 0.18056 0.06563 0.12593
0 0.61172 0.10324 0.06146 0.02870
