0 0.39466 0.01551 0.01953 0.02361
0 0.58346 0.02477 0.03099 0.04583
0 0.46107 0.03380 0.02891 0.06389
0 0.40677 0.06343 0.04010 0.08981
0 0.61771 0.08866 0.04219 0.11157
0 0.43307 0.19468 0.04531 0.16991
0 0.33893 0.17940 0.05443 0.12083
0 0.57878 0.36736 0.09557 0.17546
0 0.65729 0.43171 0.12344 0.18287
0 0.68516 0.49190 0.12135 0.19769
0 0.71302 0.59815 0.12135 0.23056
0 0.28242 0.53056 0.14297 0.15741
0 0.20312 0.75833 0.09167 0.30926
0 0.27669 0.69028 0.10911 0.29815
0 0.49583 0.88912 0.24063 0.12824
0 0.71953 0.85046 0.20885 0.16481
