0 0.34141 0.17199 0.05104 0.10509
0 0.62943 0.09282 0.03906 0.10324
0 0.59674 0.05810 0.03620 0.06620
0 0.66888 0.27222 0.05286 0.14259
0 0.62305 0.87616 0.22734 0.17546
0 0.26901 0.56458 0.09167 0.27454
0 0.41055 0.71736 0.12578 0.27454
0 0.61016 0.66875 0.15885 0.24398
0 0.31471 0.89028 0.22318 0.13241
0 0.20599 0.76181 0.09740 0.30787
0 0.30273 0.73495 0.16172 0.20324
0 0.73880 0.77546 0.11875 0.31019
0 0.67370 0.35880 0.12292 0.10185
0 0.68034 0.42106 0.12734 0.08380
0 0.69167 0.47801 0.14740 0.10694
0 0.70898 0.55694 0.15599 0.16296
