0 0.29414 0.86829 0.21016 0.11991
0 0.52292 0.90023 0.21354 0.12361
0 0.69948 0.82454 0.21406 0.16944
0 0.66589 0.22338 0.05469 0.12731
0 0.59518 0.05694 0.06224 0.06852
0 0.61172 0.10324 0.06146 0.02870
0 0.72031 0.63495 0.16615 0.18380
0 0.64193 0.14005 0.04323 0.07083
0 0.60000 0.15301 0.07708 0.08287
0 0.51536 0.04398 0.06563 0.07315
0 0.47005 0.16944 0.06823 0.12500
0 0.35547 0.16481 0.03906 0.13704
0 0.68893 0.40787 0.13047 0.17407
0 0.65065 0.50648 0.12578 0.15741
0 0.71042 0.53565 0.14792 0.11759
