0 0.42161 0.10000 0.07917 0.09630
0 0.57878 0.03472 0.05026 0.06944
0 0.63737 0.87361 0.23776 0.16389
0 0.29297 0.72685 0.19062 0.14815
0 0.41068 0.70856 0.13333 0.24769
0 0.31445 0.88611 0.21953 0.12500
0 0.69766 0.26319 0.04115 0.13009
0 0.54766 0.36620 0.11042 0.21574
0 0.60938 0.28912 0.10938 0.08565
0 0.67708 0.66597 0.20260 0.20509
0 0.75534 0.82546 0.10026 0.17130
0 0.72930 0.60347 0.15651 0.20139
0 0.66354 0.34931 0.13542 0.12824
0 0.68320 0.43657 0.13047 0.09259
0 0.70000 0.50903 0.14635 0.12639
