0 0.60286 0.05810 0.03802 0.06250
0 0.36263 0.15694 0.03516 0.11759
0 0.33294 0.17106 0.03411 0.11065
0 0.62031 0.14514 0.07917 0.13009
0 0.62930 0.28449 0.12526 0.13009
0 0.53294 0.38611 0.16745 0.17315
0 0.67253 0.35301 0.12526 0.12824
0 0.69115 0.43148 0.13229 0.10000
0 0.69818 0.49213 0.14635 0.11759
0 0.71198 0.56620 0.16042 0.16204
0 0.74167 0.76574 0.12344 0.29074
0 0.62344 0.86574 0.21354 0.18704
0 0.45586 0.77130 0.08932 0.30833
0 0.20521 0.76134 0.09740 0.29583
0 0.28984 0.74352 0.18854 0.21759
0 0.39779 0.70602 0.12943 0.26019
0 0.31341 0.89259 0.22161 0.12315
