0 0.22799 0.70926 0.14245 0.23889
0 0.28607 0.87986 0.18724 0.11157
0 0.53984 0.88333 0.20938 0.13333
0 0.72161 0.82338 0.17708 0.17639
0 0.72669 0.68912 0.14922 0.15509
0 0.70833 0.59861 0.14792 0.16204
0 0.68268 0.43194 0.13724 0.15278
0 0.63919 0.36458 0.12161 0.16435
0 0.66484 0.22662 0.05260 0.13102
0 0.60143 0.15625 0.07839 0.08657
0 0.63932 0.13889 0.04063 0.06389
0 0.60885 0.10810 0.05937 0.03843
0 0.59518 0.06111 0.03516 0.07222
0 0.32057 0.23681 0.05469 0.13472
0 0.35026 0.14167 0.04115 0.08889
