0 0.44557 0.02199 0.04948 0.03657
0 0.49193 0.02014 0.04948 0.04028
0 0.58737 0.01921 0.02474 0.03102
0 0.64388 0.14375 0.05339 0.11528
0 0.33424 0.21111 0.05964 0.12963
0 0.27773 0.34144 0.05964 0.20324
0 0.36680 0.41620 0.14714 0.14815
0 0.26536 0.53681 0.11927 0.20324
0 0.22943 0.77708 0.15833 0.24491
0 0.25312 0.60972 0.12552 0.13333
0 0.49701 0.88981 0.23672 0.13333
0 0.72005 0.85324 0.20365 0.14444
0 0.72109 0.63102 0.15625 0.21204
0 0.69701 0.53495 0.15339 0.17361
0 0.68516 0.38148 0.13385 0.15926
