0 0.39779 0.04398 0.02578 0.08796
0 0.49544 0.02106 0.07109 0.03843
0 0.50208 0.04398 0.08021 0.06574
0 0.63945 0.13912 0.05443 0.11713
0 0.33086 0.21412 0.06484 0.12824
0 0.65482 0.30625 0.10599 0.19213
0 0.64154 0.63634 0.15130 0.34028
0 0.68815 0.40116 0.09453 0.09676
0 0.69440 0.48819 0.10911 0.17546
0 0.72591 0.63287 0.15547 0.23056
0 0.49701 0.88704 0.23672 0.13148
0 0.71354 0.85139 0.21094 0.15185
0 0.34401 0.50741 0.08333 0.27963
0 0.20065 0.75741 0.07214 0.30741
0 0.27005 0.67755 0.12031 0.26157
0 0.26185 0.51505 0.09766 0.19954
