0 0.34049 0.16898 0.04870 0.11944
0 0.59427 0.05694 0.04427 0.05833
0 0.61367 0.10926 0.04870 0.11204
0 0.73815 0.77315 0.12578 0.30000
0 0.41042 0.70833 0.13437 0.26204
0 0.63008 0.33310 0.13880 0.11713
0 0.67370 0.36366 0.13437 0.10694
0 0.63294 0.44028 0.13307 0.15278
0 0.69323 0.46644 0.11875 0.09398
0 0.71029 0.56829 0.15026 0.15509
0 0.28594 0.55926 0.11719 0.26944
0 0.20807 0.75139 0.09583 0.29259
0 0.29115 0.76181 0.17031 0.20602
0 0.31979 0.89282 0.22187 0.12731
0 0.62734 0.87870 0.23021 0.17037
