0 0.29362 0.82269 0.21276 0.19352
0 0.25508 0.58125 0.09557 0.24213
0 0.29714 0.35069 0.08229 0.17824
0 0.32969 0.23403 0.04740 0.12176
0 0.46563 0.25139 0.04688 0.13611
0 0.44635 0.15926 0.05156 0.15556
0 0.37057 0.13125 0.05729 0.07731
0 0.70677 0.63935 0.16458 0.22778
0 0.74154 0.57037 0.15182 0.22037
0 0.72513 0.50069 0.14193 0.16065
0 0.68372 0.39282 0.10078 0.12269
0 0.45299 0.08681 0.08255 0.09120
0 0.37565 0.04931 0.03047 0.04028
0 0.40924 0.11875 0.03307 0.06620
0 0.38685 0.07292 0.06120 0.05880
