0 0.29414 0.86829 0.21016 0.11991
0 0.52318 0.90255 0.22083 0.11898
0 0.70378 0.83125 0.20599 0.15602
0 0.72474 0.68519 0.14792 0.15000
0 0.66589 0.22708 0.05469 0.11991
0 0.28490 0.34213 0.07240 0.17037
0 0.32539 0.23981 0.04661 0.10926
0 0.35000 0.14653 0.03906 0.09120
0 0.60065 0.15532 0.08255 0.08287
0 0.64180 0.14444 0.04453 0.07222
0 0.61107 0.10880 0.06016 0.03704
0 0.59544 0.05972 0.05599 0.06389
0 0.60951 0.57130 0.14870 0.19352
0 0.71693 0.52384 0.13906 0.18009
0 0.69831 0.45162 0.12370 0.12731
0 0.66953 0.38449 0.13385 0.14676
