0 0.31003 0.48843 0.15339 0.11944
0 0.32565 0.36991 0.13099 0.13333
0 0.45169 0.36690 0.11797 0.16713
0 0.41042 0.22292 0.12135 0.12083
0 0.69987 0.49630 0.08880 0.18981
0 0.68060 0.43356 0.10859 0.16250
0 0.64609 0.27338 0.05521 0.16991
0 0.68737 0.29005 0.04818 0.11806
0 0.34674 0.16019 0.04922 0.10278
0 0.42591 0.08194 0.07161 0.09352
0 0.48451 0.03519 0.06797 0.06111
0 0.53672 0.05972 0.03802 0.09815
0 0.61328 0.07199 0.04479 0.07361
0 0.60846 0.14375 0.03880 0.08565
0 0.64714 0.15556 0.03698 0.09630
