0 0.44909 0.03565 0.02370 0.06389
0 0.43346 0.01366 0.01120 0.02361
0 0.59870 0.04907 0.04740 0.05833
0 0.61940 0.12523 0.05964 0.09306
0 0.33190 0.21505 0.06068 0.12269
0 0.39297 0.11343 0.04115 0.08796
0 0.35651 0.13657 0.04219 0.08981
0 0.26641 0.53333 0.12135 0.22870
0 0.25143 0.67847 0.13672 0.24491
0 0.58607 0.33009 0.15339 0.14444
0 0.65742 0.21782 0.06172 0.10972
0 0.29518 0.87778 0.19141 0.13148
0 0.50729 0.89167 0.21823 0.12963
0 0.71797 0.85417 0.19948 0.15741
0 0.72057 0.65949 0.15729 0.19583
0 0.69857 0.46644 0.14401 0.17917
0 0.66510 0.36505 0.12448 0.11898
