0 0.48607 0.03102 0.03724 0.06481
0 0.60599 0.06134 0.06354 0.09213
0 0.63698 0.12384 0.04167 0.04954
0 0.63385 0.19444 0.09271 0.10370
0 0.60117 0.26296 0.09609 0.14630
0 0.29701 0.35995 0.08359 0.16620
0 0.35404 0.18403 0.05911 0.12269
0 0.20247 0.70185 0.09349 0.25093
0 0.24779 0.72685 0.11484 0.28889
0 0.34883 0.78704 0.16849 0.28889
0 0.50247 0.73981 0.13516 0.34537
0 0.58190 0.76088 0.12266 0.32176
0 0.72188 0.65787 0.15990 0.17222
0 0.68620 0.42477 0.09271 0.16620
0 0.69987 0.49514 0.09349 0.18380
