0 0.37070 0.08935 0.03672 0.06944
0 0.22747 0.74838 0.13464 0.32176
0 0.33320 0.69028 0.19141 0.14907
0 0.28906 0.79329 0.21563 0.12917
0 0.31237 0.89074 0.23672 0.12685
0 0.67070 0.39028 0.11953 0.15000
0 0.53372 0.62014 0.09453 0.36250
0 0.59818 0.70000 0.09844 0.30000
0 0.71432 0.61806 0.14844 0.17685
0 0.72813 0.72199 0.14323 0.17824
0 0.70391 0.50185 0.10677 0.18333
0 0.44023 0.05255 0.06380 0.08472
0 0.59128 0.10278 0.09557 0.09444
0 0.61224 0.05694 0.03281 0.06759
0 0.52214 0.02708 0.03177 0.05324
