0 0.58581 0.01644 0.02578 0.02917
0 0.38438 0.07778 0.04635 0.08981
0 0.33424 0.21690 0.06172 0.12639
0 0.49740 0.13819 0.09167 0.10046
0 0.47005 0.08241 0.03281 0.08426
0 0.58750 0.07037 0.07604 0.05648
0 0.59766 0.11042 0.08021 0.09306
0 0.66146 0.21690 0.04740 0.11898
0 0.66836 0.39954 0.10807 0.12963
0 0.37669 0.71898 0.11328 0.36944
0 0.26589 0.53565 0.12031 0.20463
0 0.24688 0.66204 0.12760 0.23426
0 0.21771 0.76898 0.08125 0.29074
0 0.50143 0.89352 0.22734 0.12963
0 0.71745 0.86528 0.20469 0.15370
0 0.72214 0.64537 0.15625 0.20463
0 0.69648 0.52593 0.14818 0.12963
