0 0.29076 0.43657 0.11797 0.17778
0 0.30482 0.34398 0.10339 0.15463
0 0.48841 0.75810 0.23255 0.24213
0 0.70365 0.50556 0.14115 0.17778
0 0.68867 0.39028 0.09401 0.08889
0 0.65299 0.24815 0.04141 0.14722
0 0.68893 0.29329 0.04297 0.12083
0 0.33711 0.28796 0.11797 0.12870
0 0.32005 0.20903 0.03698 0.12083
0 0.40573 0.06875 0.03438 0.07639
0 0.43711 0.06597 0.02682 0.08287
0 0.60990 0.14213 0.03802 0.09167
0 0.64557 0.15093 0.03542 0.09630
0 0.61367 0.08102 0.04557 0.06111
0 0.52747 0.02593 0.06276 0.04907
