0 0.59089 0.03380 0.05625 0.06759
0 0.34648 0.16921 0.04714 0.10324
0 0.61602 0.19699 0.09036 0.12639
0 0.56419 0.10532 0.07318 0.10324
0 0.28893 0.34931 0.07214 0.22454
0 0.18607 0.72060 0.09922 0.35324
0 0.65938 0.34398 0.14531 0.14259
0 0.55534 0.48403 0.13151 0.25139
0 0.31654 0.89329 0.22370 0.12824
0 0.39818 0.70324 0.14844 0.26204
0 0.29375 0.74375 0.17240 0.20324
0 0.63893 0.88079 0.23880 0.15694
0 0.74232 0.76481 0.12630 0.26759
0 0.68555 0.43449 0.14349 0.11250
0 0.70013 0.52083 0.14245 0.14630
0 0.73320 0.62153 0.14245 0.22639
