0 0.50547 0.12222 0.09427 0.06944
0 0.39909 0.10787 0.09818 0.09074
0 0.36914 0.07222 0.03203 0.05185
0 0.66745 0.37870 0.12135 0.11574
0 0.27135 0.45000 0.11927 0.18704
0 0.23516 0.66505 0.09531 0.17824
0 0.26432 0.60556 0.10938 0.24444
0 0.58919 0.61597 0.19766 0.23380
0 0.30443 0.76227 0.21563 0.17639
0 0.30833 0.89236 0.22969 0.12639
0 0.63242 0.87662 0.25182 0.15880
0 0.74323 0.77824 0.12240 0.28704
0 0.71250 0.59444 0.16146 0.16204
0 0.69922 0.50556 0.16458 0.12315
0 0.68294 0.42963 0.12839 0.07500
